1
100 100
24 61 43 55
-1 -1 -1 -1 -1 -1 -1 -1 -1 -1 -1 -1 -1 -1 -1 -1 -1 -1 -1 -1 -1 -1 -1 -1 -1 -1 -1 -1 -1 -1 -1 -1 -1 -1 -1 -1 -1 -1 -1 -1 -1 -1 -1 -1 -1 -1 -1 -1 -1 -1 -1 -1 -1 -1 -1 -1 -1 -1 -1 -1 -1 -1 -1 -1 -1 -1 -1 -1 -1 -1 -1 -1 -1 -1 -1 -1 -1 -1 -1 -1 -1 -1 -1 -1 -1 -1 -1 -1 -1 -1 -1 -1 -1 -1 -1 -1 -1 -1 -1 -1
-1 -1 -1 -1 -1 -1 -1 -1 -1 -1 -1 -1 -1 -1 -1 -1 -1 -1 -1 -1 -1 -1 -1 -1 -1 -1 -1 -1 -1 -1 -1 -1 -1 -1 -1 -1 -1 -1 -1 -1 -1 -1 -1 -1 -1 -1 -1 -1 -1 -1 -1 -1 -1 -1 -1 -1 -1 -1 -1 -1 -1 -1 -1 -1 -1 -1 -1 -1 -1 -1 -1 -1 -1 -1 -1 -1 -1 -1 -1 -1 -1 -1 -1 -1 -1 -1 -1 -1 -1 -1 -1 -1 -1 -1 -1 -1 -1 -1 -1 -1
-1 -1 -1 -1 -1 -1 -1 -1 -1 -1 -1 -1 -1 -1 -1 -1 -1 -1 -1 -1 -1 -1 -1 -1 -1 -1 -1 -1 -1 -1 -1 -1 -1 -1 -1 -1 -1 -1 -1 -1 -1 -1 -1 -1 -1 -1 -1 -1 -1 -1 -1 -1 -1 -1 -1 -1 -1 -1 -1 -1 -1 -1 -1 -1 -1 -1 -1 -1 -1 -1 -1 -1 -1 -1 -1 -1 -1 -1 -1 -1 -1 -1 -1 -1 -1 -1 -1 -1 -1 -1 -1 -1 -1 -1 -1 -1 -1 -1 -1 -1
-1 -1 -1 -1 -1 -1 -1 -1 -1 -1 -1 -1 -1 -1 -1 -1 -1 -1 -1 -1 -1 -1 -1 -1 -1 -1 -1 -1 -1 -1 -1 -1 -1 -1 -1 -1 -1 -1 -1 -1 -1 -1 -1 -1 -1 -1 -1 -1 -1 -1 -1 -1 -1 -1 -1 -1 -1 -1 -1 -1 -1 -1 -1 -1 -1 -1 -1 -1 -1 -1 -1 -1 -1 -1 -1 -1 -1 -1 -1 -1 -1 -1 -1 -1 -1 -1 -1 -1 -1 -1 -1 -1 -1 -1 -1 -1 -1 -1 -1 -1
-1 -1 -1 -1 -1 -1 -1 -1 -1 -1 -1 -1 -1 -1 -1 -1 -1 -1 -1 -1 -1 -1 -1 -1 -1 -1 -1 -1 -1 -1 -1 -1 -1 -1 -1 -1 -1 -1 -1 -1 -1 -1 -1 -1 -1 -1 -1 -1 -1 -1 -1 -1 -1 -1 -1 -1 -1 -1 -1 -1 -1 -1 -1 -1 -1 -1 -1 -1 -1 -1 -1 -1 -1 -1 -1 -1 -1 -1 -1 -1 -1 -1 -1 -1 -1 -1 -1 -1 -1 -1 -1 -1 -1 -1 -1 -1 -1 -1 -1 -1
-1 -1 -1 -1 -1 -1 -1 -1 -1 -1 -1 -1 -1 -1 -1 -1 -1 -1 -1 -1 -1 -1 -1 -1 -1 -1 -1 -1 -1 -1 -1 -1 -1 -1 -1 -1 -1 -1 -1 -1 -1 -1 -1 -1 -1 -1 -1 -1 -1 -1 -1 -1 -1 -1 -1 -1 -1 -1 -1 -1 -1 -1 -1 -1 -1 -1 -1 -1 -1 -1 -1 -1 -1 -1 -1 -1 -1 -1 -1 -1 -1 -1 -1 -1 -1 -1 -1 -1 -1 -1 -1 -1 -1 -1 -1 -1 -1 -1 -1 -1
-1 -1 -1 -1 -1 -1 -1 -1 -1 -1 -1 -1 -1 -1 -1 -1 -1 -1 -1 -1 -1 -1 -1 -1 -1 -1 -1 -1 -1 -1 -1 -1 -1 -1 -1 -1 -1 -1 -1 -1 -1 -1 -1 -1 -1 -1 -1 -1 -1 -1 -1 -1 -1 -1 -1 -1 -1 -1 -1 -1 -1 -1 -1 -1 -1 8215 -1 -1 -1 -1 -1 -1 -1 -1 -1 -1 -1 -1 -1 -1 -1 -1 -1 -1 -1 -1 -1 -1 -1 -1 -1 -1 -1 -1 -1 -1 -1 -1 -1 -1
-1 -1 -1 -1 -1 -1 -1 -1 -1 -1 -1 -1 -1 -1 -1 -1 -1 -1 -1 -1 -1 -1 -1 -1 -1 -1 -1 -1 -1 -1 -1 -1 -1 -1 -1 -1 -1 -1 -1 -1 -1 -1 -1 -1 -1 -1 -1 -1 -1 -1 -1 -1 -1 -1 -1 -1 -1 -1 -1 -1 -1 -1 -1 -1 1331 4634 2072 -1 -1 -1 -1 -1 -1 -1 -1 -1 -1 -1 -1 -1 -1 -1 -1 -1 -1 -1 -1 -1 -1 -1 -1 -1 -1 -1 -1 -1 -1 -1 -1 -1
-1 -1 -1 -1 -1 -1 -1 -1 -1 -1 -1 -1 -1 -1 -1 -1 -1 -1 -1 -1 -1 -1 -1 -1 -1 -1 -1 -1 -1 -1 -1 -1 -1 -1 -1 -1 -1 -1 -1 -1 -1 -1 -1 -1 -1 -1 -1 -1 -1 -1 -1 -1 -1 -1 -1 -1 -1 -1 -1 6024 6725 5572 5526 -1 6982 -1 -1 -1 -1 -1 -1 6662 5309 -1 -1 -1 -1 -1 -1 -1 -1 -1 -1 -1 -1 -1 -1 -1 -1 -1 -1 -1 -1 -1 -1 -1 -1 -1 -1 -1
-1 -1 -1 -1 -1 -1 -1 -1 -1 -1 -1 -1 -1 -1 -1 -1 -1 -1 -1 -1 -1 -1 -1 -1 -1 -1 -1 -1 -1 -1 -1 -1 -1 -1 -1 -1 -1 -1 -1 -1 -1 -1 -1 -1 -1 -1 -1 -1 -1 -1 -1 -1 -1 -1 -1 -1 -1 -1 -1 -1 -1 9078 -1 4132 7798 9681 -1 -1 448 -1 4815 274 -1 -1 -1 -1 -1 -1 -1 -1 -1 -1 -1 -1 -1 -1 -1 -1 -1 -1 -1 -1 -1 -1 -1 -1 -1 -1 -1 -1
-1 -1 -1 -1 -1 -1 -1 -1 -1 -1 -1 -1 -1 -1 -1 -1 -1 -1 -1 -1 -1 -1 -1 -1 -1 -1 -1 -1 -1 -1 -1 -1 -1 -1 -1 -1 -1 -1 -1 -1 -1 -1 -1 -1 -1 -1 -1 -1 -1 -1 -1 -1 -1 -1 -1 -1 -1 -1 -1 3392 5149 2699 -1 2072 -1 2023 6821 -1 5305 -1 1091 -1 4977 9488 4816 -1 -1 1490 -1 -1 -1 -1 -1 -1 -1 -1 -1 -1 -1 -1 -1 -1 -1 -1 -1 -1 -1 -1 -1 -1
-1 -1 -1 -1 -1 -1 -1 -1 -1 -1 -1 -1 -1 -1 -1 -1 -1 -1 -1 -1 -1 -1 -1 -1 -1 -1 -1 -1 -1 -1 -1 -1 -1 -1 -1 -1 -1 -1 -1 -1 -1 -1 -1 -1 -1 -1 -1 -1 -1 -1 -1 -1 -1 -1 -1 -1 -1 -1 1363 -1 2624 -1 5704 -1 2161 5791 -1 3780 160 -1 7286 2260 936 -1 -1 3702 -1 2751 -1 4764 -1 -1 -1 -1 -1 -1 -1 -1 -1 -1 -1 -1 -1 -1 -1 -1 -1 -1 -1 -1
-1 -1 -1 -1 -1 -1 -1 -1 -1 -1 -1 -1 -1 -1 -1 -1 -1 -1 -1 -1 -1 -1 -1 -1 -1 -1 -1 -1 -1 -1 -1 -1 -1 -1 -1 -1 -1 -1 -1 -1 -1 -1 -1 -1 -1 -1 -1 -1 -1 -1 -1 -1 -1 -1 7747 -1 -1 4823 9232 1552 5026 -1 7465 -1 1388 -1 519 2066 -1 2031 4785 -1 -1 5386 -1 4793 -1 7876 -1 8955 -1 -1 -1 -1 -1 -1 -1 -1 -1 -1 -1 -1 -1 -1 -1 -1 -1 -1 -1 -1
-1 -1 -1 -1 -1 -1 -1 -1 -1 -1 -1 -1 -1 -1 -1 -1 -1 -1 -1 -1 -1 -1 -1 -1 -1 -1 -1 -1 -1 -1 -1 -1 -1 -1 -1 -1 -1 -1 -1 -1 -1 -1 -1 -1 -1 -1 -1 -1 -1 -1 -1 -1 -1 -1 3656 7752 -1 4280 -1 7149 -1 7088 5815 311 7425 2444 -1 8486 2994 -1 8311 8682 1924 3742 2326 1259 3662 6973 6804 2817 2769 2616 -1 -1 -1 -1 -1 -1 -1 -1 -1 -1 -1 -1 -1 -1 -1 -1 -1 -1
-1 -1 -1 -1 -1 -1 -1 -1 -1 -1 -1 -1 -1 -1 -1 -1 -1 -1 -1 -1 -1 -1 -1 -1 -1 -1 -1 -1 -1 -1 -1 -1 -1 -1 -1 -1 -1 -1 -1 -1 -1 -1 -1 -1 -1 -1 -1 -1 -1 -1 -1 -1 -1 187 -1 8767 671 -1 2766 1566 6211 -1 1055 -1 4122 -1 7054 3208 -1 4456 3862 -1 -1 -1 -1 -1 -1 -1 6286 -1 2057 -1 -1 -1 -1 -1 -1 -1 -1 -1 -1 -1 -1 -1 -1 -1 -1 -1 -1 -1
-1 -1 -1 -1 -1 -1 -1 -1 -1 -1 -1 -1 -1 -1 -1 -1 -1 -1 -1 -1 -1 -1 -1 -1 -1 -1 -1 -1 -1 -1 -1 -1 -1 -1 -1 -1 -1 -1 -1 -1 -1 -1 -1 -1 -1 -1 -1 6573 -1 -1 -1 7951 6930 9046 1939 -1 3549 6604 -1 6328 -1 -1 -1 6940 9169 1267 7826 -1 2030 -1 3213 3411 6566 6086 8176 8942 -1 1188 -1 1579 -1 3127 -1 -1 -1 -1 -1 -1 -1 -1 -1 -1 -1 -1 -1 -1 -1 -1 -1 -1
-1 -1 -1 -1 -1 -1 -1 -1 -1 -1 -1 -1 -1 -1 -1 -1 -1 -1 -1 -1 -1 -1 -1 -1 -1 -1 -1 -1 -1 -1 -1 -1 -1 -1 -1 -1 -1 -1 -1 -1 -1 -1 -1 -1 -1 4988 -1 8446 -1 6189 5474 -1 7497 -1 6761 3948 -1 1021 6406 4292 9667 -1 9390 -1 376 -1 -1 9825 8551 8363 9443 -1 1580 -1 -1 -1 4632 5097 3087 7365 6488 3563 2964 -1 -1 -1 -1 -1 -1 -1 -1 -1 -1 -1 -1 -1 -1 -1 -1 -1
-1 -1 -1 -1 -1 -1 -1 -1 -1 -1 -1 -1 -1 -1 -1 -1 -1 -1 -1 -1 -1 -1 -1 -1 -1 -1 -1 -1 -1 -1 -1 -1 -1 -1 -1 -1 -1 -1 -1 -1 -1 -1 6268 -1 -1 1584 -1 7231 4615 -1 2983 2974 -1 8537 565 -1 7234 -1 -1 7 -1 9861 2017 -1 3688 7264 -1 -1 9876 -1 -1 5010 -1 680 2092 -1 4458 -1 -1 -1 5243 -1 -1 4018 -1 -1 -1 -1 -1 -1 -1 -1 -1 -1 -1 -1 -1 -1 -1 -1
-1 -1 -1 -1 -1 -1 -1 -1 -1 -1 -1 -1 -1 -1 -1 -1 -1 -1 -1 -1 -1 -1 -1 -1 -1 -1 -1 -1 -1 -1 -1 -1 -1 -1 -1 -1 -1 -1 -1 -1 -1 -1 258 -1 9380 4250 1531 3036 -1 6183 3940 -1 8908 -1 9147 -1 2275 -1 2754 7493 1269 -1 1979 3497 -1 3142 9980 2024 9803 6950 6253 611 1114 -1 3425 6843 -1 213 6101 6224 9803 6719 9459 3663 7252 -1 -1 -1 -1 -1 -1 -1 -1 -1 -1 -1 -1 -1 -1 -1
-1 -1 -1 -1 -1 -1 -1 -1 -1 -1 -1 -1 -1 -1 -1 -1 -1 -1 -1 -1 -1 -1 -1 -1 -1 -1 -1 -1 -1 -1 -1 -1 -1 -1 -1 -1 -1 -1 3079 -1 -1 850 3167 6137 -1 7638 -1 5280 8917 4581 -1 3048 2681 3331 7559 -1 9528 1986 -1 8535 -1 9501 -1 317 -1 444 -1 7692 -1 -1 1921 -1 -1 8554 4764 -1 5729 -1 3855 -1 -1 -1 -1 -1 -1 2231 -1 -1 -1 -1 -1 -1 -1 -1 -1 -1 -1 -1 -1 -1
-1 -1 -1 -1 -1 -1 -1 -1 -1 -1 -1 -1 -1 -1 -1 -1 -1 -1 -1 -1 -1 -1 -1 -1 -1 -1 -1 -1 -1 -1 -1 -1 -1 -1 -1 -1 -1 -1 1624 -1 8786 -1 6728 -1 7769 -1 449 -1 6728 -1 6202 -1 -1 -1 4904 -1 2984 -1 2688 6726 7542 4499 1387 2309 -1 8606 3568 -1 5448 5517 -1 9112 6092 -1 1566 60 6402 9403 4344 6521 359 3535 6238 4956 7062 6528 6770 -1 -1 -1 -1 -1 -1 -1 -1 -1 -1 -1 -1 -1
-1 -1 -1 -1 -1 -1 -1 -1 -1 -1 -1 -1 -1 -1 -1 -1 -1 -1 -1 -1 -1 -1 -1 -1 -1 -1 -1 -1 -1 -1 -1 -1 -1 -1 -1 -1 6372 705 9617 7355 4281 9827 4298 9216 9556 6999 5835 22 7437 1587 5004 2016 6626 9660 9915 5178 565 8270 -1 -1 8944 -1 1563 -1 7931 -1 1903 1948 8405 -1 564 9182 -1 -1 1230 -1 -1 -1 -1 -1 -1 -1 -1 -1 -1 -1 -1 9839 -1 -1 -1 -1 -1 -1 -1 -1 -1 -1 -1 -1
-1 -1 -1 -1 -1 -1 -1 -1 -1 -1 -1 -1 -1 -1 -1 -1 -1 -1 -1 -1 -1 -1 -1 -1 -1 -1 -1 -1 -1 -1 -1 -1 -1 -1 -1 -1 4968 -1 1748 -1 2051 -1 6595 -1 6599 -1 941 -1 9098 -1 9679 -1 7456 -1 9802 -1 -1 9747 -1 8348 7761 5749 -1 6892 3213 3323 8223 -1 -1 4340 8651 -1 5432 6925 6539 7062 8550 956 2677 8911 2358 5650 6239 4752 8404 3256 942 9626 4504 5128 -1 -1 -1 -1 -1 -1 -1 -1 -1 -1
-1 -1 -1 -1 -1 -1 -1 -1 -1 -1 -1 -1 -1 -1 -1 -1 -1 -1 -1 -1 -1 -1 -1 -1 -1 -1 -1 -1 -1 -1 -1 -1 -1 -1 -1 -1 -1 -1 7430 -1 6827 -1 2316 587 -1 2920 6292 2817 -1 2406 9608 -1 -1 7633 -1 859 4285 7154 3009 -1 8678 -1 4377 -1 -1 726 -1 5448 -1 9473 -1 1457 -1 71 -1 -1 -1 -1 -1 1451 -1 9072 -1 -1 5875 -1 9772 -1 -1 -1 -1 -1 -1 -1 -1 -1 -1 -1 -1 -1
-1 -1 -1 -1 -1 -1 -1 -1 -1 -1 -1 -1 -1 -1 -1 -1 -1 -1 -1 -1 -1 -1 -1 -1 -1 -1 -1 -1 -1 -1 -1 -1 -1 -1 -1 -1 -1 -1 -1 -1 -1 9060 3082 -1 690 -1 9874 -1 6394 8027 -1 5693 7822 5924 3894 -1 8234 -1 2271 1816 818 3875 5610 2117 8790 3462 7704 9365 268 8178 7323 1402 937 5597 2983 5116 9411 2219 -1 -1 5577 -1 -1 7374 -1 734 -1 4788 -1 -1 -1 -1 -1 -1 -1 -1 -1 -1 -1 -1
-1 -1 -1 -1 -1 -1 -1 -1 -1 -1 -1 -1 -1 -1 -1 -1 -1 -1 -1 -1 -1 -1 -1 -1 -1 -1 -1 -1 -1 -1 -1 -1 -1 -1 -1 -1 -1 -1 -1 -1 -1 -1 3549 -1 5064 2071 8910 230 -1 -1 1565 -1 -1 5069 -1 3665 -1 6756 -1 -1 6611 -1 3533 -1 719 -1 5429 -1 58 -1 2551 -1 7409 -1 -1 -1 -1 -1 1561 7609 3921 5168 3693 3268 6592 9189 6659 1282 1393 8883 6771 -1 -1 -1 -1 -1 -1 -1 -1 -1
-1 -1 -1 -1 -1 -1 -1 -1 -1 -1 -1 -1 -1 -1 -1 -1 -1 -1 -1 -1 -1 -1 -1 -1 -1 -1 -1 -1 -1 -1 -1 -1 -1 -1 -1 -1 -1 -1 -1 -1 -1 1751 -1 -1 -1 -1 -1 -1 4353 1222 4716 2731 1741 7091 3757 8259 367 2301 2758 7331 1414 -1 6695 -1 6729 -1 55 90 -1 9367 -1 -1 8535 813 4152 7039 1457 2697 7483 -1 7029 -1 -1 1357 -1 5386 -1 507 -1 -1 -1 -1 -1 -1 -1 -1 -1 -1 -1 -1
-1 -1 -1 -1 -1 -1 -1 -1 -1 -1 -1 -1 -1 -1 -1 -1 -1 -1 -1 -1 -1 -1 -1 -1 -1 -1 -1 -1 -1 -1 -1 -1 -1 -1 -1 -1 -1 -1 -1 -1 581 9680 9261 -1 3788 7771 8095 3144 8125 -1 7501 -1 2169 -1 -1 -1 3529 -1 7625 -1 6710 9839 -1 4914 -1 3738 -1 -1 -1 4235 -1 186 -1 -1 -1 -1 6134 -1 -1 3481 -1 3853 -1 -1 899 -1 -1 8172 186 2044 -1 -1 -1 -1 -1 -1 -1 -1 -1 -1
-1 -1 -1 -1 -1 -1 -1 -1 -1 -1 -1 -1 -1 -1 -1 -1 -1 -1 -1 -1 -1 -1 -1 -1 -1 -1 -1 -1 -1 -1 -1 -1 -1 -1 -1 -1 9483 -1 -1 8982 2829 -1 4434 4710 -1 -1 2895 -1 -1 9194 -1 1868 -1 5648 3536 2085 9484 -1 1225 6126 -1 5519 3760 9977 257 904 8592 630 7775 4841 6289 8015 1981 5829 1266 -1 -1 8002 9354 4497 9919 2803 7457 5382 8218 4445 7362 -1 -1 -1 -1 -1 -1 -1 -1 -1 -1 -1 -1 -1
-1 -1 -1 -1 -1 -1 -1 -1 -1 -1 -1 -1 -1 -1 -1 -1 -1 -1 -1 -1 -1 -1 -1 -1 -1 -1 -1 -1 -1 -1 -1 -1 -1 -1 -1 -1 2082 -1 -1 6670 -1 7401 -1 6815 -1 6229 -1 3198 1914 2978 -1 65 355 -1 4447 -1 3137 6985 -1 -1 3380 -1 5348 -1 -1 2899 -1 382 -1 2225 -1 -1 -1 -1 -1 2468 -1 7566 -1 -1 -1 -1 5622 -1 5683 -1 305 -1 -1 -1 -1 -1 -1 -1 -1 -1 -1 -1 -1 -1
-1 -1 -1 -1 -1 -1 -1 -1 -1 -1 -1 -1 -1 -1 -1 -1 -1 -1 -1 -1 -1 -1 -1 -1 -1 -1 -1 -1 -1 -1 -1 -1 -1 -1 -1 3218 8222 5582 4663 -1 6076 7847 1890 3203 -1 6392 9966 -1 -1 1623 9162 402 -1 9725 -1 568 8108 -1 5349 8617 5561 8761 1364 -1 5342 2166 -1 5455 -1 1683 3943 3344 6115 2840 92 8189 7420 6587 3891 8819 5735 -1 8259 8919 -1 -1 -1 -1 -1 -1 -1 -1 -1 -1 -1 -1 -1 -1 -1 -1
-1 -1 -1 -1 -1 -1 -1 -1 -1 -1 -1 -1 -1 -1 -1 -1 -1 -1 -1 -1 -1 -1 -1 -1 -1 -1 -1 -1 -1 -1 -1 -1 -1 -1 -1 -1 1283 -1 -1 371 4909 -1 -1 6606 -1 1019 -1 -1 8463 3545 -1 -1 9411 5418 9126 -1 -1 5580 -1 -1 -1 -1 3627 5842 -1 -1 1626 -1 -1 -1 403 -1 6254 -1 8497 -1 7465 -1 6230 -1 1913 -1 5589 -1 8013 -1 5432 8898 -1 -1 -1 -1 -1 -1 -1 -1 -1 -1 -1 -1
-1 -1 -1 -1 -1 -1 -1 -1 -1 -1 -1 -1 -1 -1 -1 -1 -1 -1 -1 -1 -1 -1 -1 -1 -1 -1 -1 -1 -1 -1 -1 -1 -1 -1 2832 4529 7093 4493 3849 3948 -1 6548 4647 3526 3031 2139 5921 3578 591 -1 5800 1711 1789 -1 688 6659 649 1924 2278 1805 2783 2791 1345 -1 5239 7861 2358 9191 -1 9596 9999 6657 -1 4188 -1 9797 -1 7617 9797 -1 8903 -1 7556 8170 4566 2060 6876 -1 -1 -1 -1 -1 -1 -1 -1 -1 -1 -1 -1 -1
-1 -1 -1 -1 -1 -1 -1 -1 -1 -1 -1 -1 -1 -1 -1 -1 -1 -1 -1 -1 -1 -1 -1 -1 -1 -1 -1 -1 -1 -1 -1 -1 -1 -1 -1 -1 4795 -1 8262 -1 5584 8571 -1 -1 -1 -1 -1 2848 -1 3363 -1 8665 -1 5880 -1 6115 -1 -1 5998 -1 9165 -1 6261 7136 4677 -1 -1 -1 9380 -1 -1 -1 -1 5849 -1 2683 -1 -1 -1 3374 -1 4889 -1 -1 -1 -1 -1 8938 -1 -1 -1 -1 -1 -1 -1 -1 -1 -1 -1 -1
-1 -1 -1 -1 -1 -1 -1 -1 -1 -1 -1 -1 -1 -1 -1 -1 -1 -1 -1 -1 -1 -1 -1 -1 -1 -1 -1 -1 -1 -1 -1 -1 -1 2677 8657 3683 4326 8159 -1 3355 7246 -1 8481 3846 3740 5703 5479 2534 1075 2762 -1 7586 -1 6335 2356 -1 5562 7473 -1 9485 -1 7395 -1 -1 2014 4126 6223 6914 1717 5463 9952 5510 3123 6623 7459 5876 6697 115 4703 5855 7653 1080 8967 26 3899 19 6208 7603 766 1507 -1 -1 -1 -1 -1 -1 -1 -1 -1 -1
-1 -1 -1 -1 -1 -1 -1 -1 -1 -1 -1 -1 -1 -1 -1 -1 -1 -1 -1 -1 -1 -1 -1 -1 -1 -1 -1 -1 -1 -1 -1 -1 -1 -1 -1 -1 7807 -1 1713 -1 -1 3761 -1 8558 -1 1722 -1 6190 -1 1112 2612 -1 3722 -1 6823 -1 836 -1 5822 1031 3063 9780 -1 -1 -1 2523 -1 -1 5917 -1 7137 -1 -1 3246 -1 2039 -1 -1 197 -1 1635 -1 -1 637 -1 -1 -1 7987 -1 -1 -1 -1 -1 -1 -1 -1 -1 -1 -1 -1
-1 -1 -1 -1 -1 -1 -1 -1 -1 -1 -1 -1 -1 -1 -1 -1 -1 -1 -1 -1 -1 -1 -1 -1 -1 -1 -1 -1 -1 -1 -1 -1 -1 -1 1437 -1 -1 2818 9922 4599 6090 4842 -1 -1 9471 -1 590 -1 2046 -1 8703 4588 249 9482 9362 8357 3953 5900 -1 9049 -1 -1 8602 -1 1840 3428 2998 7330 -1 -1 1745 5860 4468 -1 -1 5564 -1 9316 3421 3640 -1 97 -1 1082 9621 3737 9472 -1 -1 -1 -1 -1 -1 -1 -1 -1 -1 -1 -1 -1
-1 -1 -1 -1 -1 -1 -1 -1 -1 -1 -1 -1 -1 -1 -1 -1 -1 -1 -1 -1 -1 -1 -1 -1 -1 -1 -1 -1 -1 -1 -1 4616 5681 7701 1796 -1 552 -1 -1 -1 7017 -1 2969 -1 2134 656 8624 4948 9245 5191 -1 -1 -1 -1 2601 -1 -1 1590 5028 9163 5659 -1 9526 3288 5994 -1 8228 -1 9742 5284 -1 -1 -1 1284 4503 -1 -1 -1 -1 9795 5298 671 8813 -1 7743 -1 4195 -1 -1 -1 -1 -1 -1 -1 -1 -1 -1 -1 -1 -1
-1 -1 -1 -1 -1 -1 -1 -1 -1 -1 -1 -1 -1 -1 -1 -1 -1 -1 -1 -1 -1 -1 -1 -1 -1 -1 -1 -1 -1 -1 -1 -1 -1 2491 -1 4676 4486 6185 9657 5845 7781 -1 9961 1916 -1 -1 -1 -1 -1 9860 6195 7527 8842 6670 -1 751 2592 6711 -1 -1 8030 -1 -1 9982 -1 7218 -1 8573 -1 4167 5477 5786 4136 -1 709 7778 -1 3194 9398 -1 8066 -1 -1 447 6959 1454 -1 -1 -1 -1 -1 -1 -1 -1 -1 -1 -1 -1 -1 -1
-1 -1 -1 -1 -1 -1 -1 -1 -1 -1 -1 -1 -1 -1 -1 -1 -1 -1 -1 -1 -1 -1 -1 -1 -1 -1 -1 -1 -1 -1 -1 6524 9146 3677 3384 1124 -1 -1 -1 -1 7071 -1 3684 -1 -1 9398 9059 7430 2248 5540 -1 3480 -1 6237 5203 274 -1 2132 -1 7396 950 9718 7059 18 7976 7379 6834 8896 702 8318 -1 8995 -1 2682 -1 6845 8282 2577 -1 257 4848 4882 676 -1 2052 -1 -1 -1 -1 -1 -1 -1 -1 -1 -1 -1 -1 -1 -1 -1
-1 -1 -1 -1 -1 -1 -1 -1 -1 -1 -1 -1 -1 -1 -1 -1 -1 -1 -1 -1 -1 -1 -1 -1 -1 -1 -1 -1 -1 -1 -1 -1 7820 -1 9819 -1 2055 4863 322 7579 2119 7960 382 6442 9007 -1 -1 8059 -1 -1 6118 -1 6903 -1 -1 8813 4410 -1 6474 -1 2730 -1 -1 4080 -1 943 -1 3301 -1 -1 4432 -1 -1 9040 -1 745 -1 -1 9195 -1 -1 9037 -1 6044 -1 -1 -1 -1 -1 -1 -1 -1 -1 -1 -1 -1 -1 -1 -1 -1
-1 -1 -1 -1 -1 -1 -1 -1 -1 -1 -1 -1 -1 -1 -1 -1 -1 -1 -1 -1 -1 -1 -1 -1 -1 -1 -1 -1 -1 -1 -1 2235 1727 4863 -1 8555 1831 -1 9085 -1 -1 -1 -1 -1 3689 -1 6130 -1 2640 -1 9992 4938 8354 476 9664 961 -1 1310 5276 1835 3938 2810 -1 5095 -1 547 -1 3426 5551 811 9651 2590 7166 1656 1471 4891 2244 3638 98 6223 -1 -1 6459 4851 3793 -1 -1 -1 -1 -1 -1 -1 -1 -1 -1 -1 -1 -1 -1 -1
-1 -1 -1 -1 -1 -1 -1 -1 -1 -1 -1 -1 -1 -1 -1 -1 -1 -1 -1 -1 -1 -1 -1 -1 -1 -1 -1 -1 -1 -1 -1 -1 -1 7327 -1 5946 -1 -1 -1 8786 3716 4170 8680 7374 4694 9567 1592 9241 6103 4458 6948 -1 -1 8711 -1 -1 -1 -1 -1 9266 -1 6617 -1 8039 5856 -1 -1 3868 -1 1125 -1 -1 9888 -1 -1 7725 -1 2113 -1 -1 8656 -1 4468 -1 -1 6953 -1 3944 -1 -1 -1 -1 -1 -1 -1 -1 -1 -1 -1 -1
-1 -1 -1 -1 -1 -1 -1 -1 -1 -1 -1 -1 -1 -1 -1 -1 -1 -1 -1 -1 -1 -1 -1 -1 -1 -1 -1 -1 -1 -1 -1 -1 -1 -1 996 -1 623 -1 5630 9601 -1 7529 -1 7263 -1 6622 -1 4692 -1 5270 -1 2304 3692 7406 -1 2195 -1 7445 929 -1 -1 421 1787 -1 4504 37 526 -1 2170 8196 -1 5799 6402 8888 3096 -1 -1 5594 4760 3330 6364 6719 4316 3940 8254 5647 1674 5505 8164 -1 -1 -1 -1 -1 -1 -1 -1 -1 -1 -1
-1 -1 -1 -1 -1 -1 -1 -1 -1 -1 -1 -1 -1 -1 -1 -1 -1 -1 -1 -1 -1 -1 -1 -1 -1 -1 -1 -1 -1 -1 -1 7805 8580 1620 9430 1505 5612 493 2321 -1 6875 -1 -1 -1 -1 -1 6430 -1 2863 -1 -1 2840 -1 3959 -1 3034 7794 -1 3449 -1 1640 -1 2287 9 -1 5965 -1 6086 -1 4910 -1 5361 -1 4531 -1 -1 4790 -1 -1 4687 -1 8247 -1 3797 -1 7167 -1 -1 -1 -1 -1 -1 -1 -1 -1 -1 -1 -1 -1 -1
-1 -1 -1 -1 -1 -1 -1 -1 -1 -1 -1 -1 -1 -1 -1 -1 -1 -1 -1 -1 -1 -1 -1 -1 -1 -1 -1 -1 -1 -1 -1 -1 -1 3507 -1 5224 -1 -1 -1 -1 1982 -1 -1 8451 -1 8895 5643 1346 1838 3075 2276 -1 7777 3222 3303 -1 890 7683 8347 7117 5579 -1 -1 6117 -1 3724 4990 4644 3780 -1 2746 -1 890 9331 3306 5092 7821 752 2756 -1 -1 9676 5962 -1 9361 4867 3098 9209 -1 -1 -1 -1 -1 -1 -1 -1 -1 -1 -1 -1
-1 -1 -1 -1 -1 -1 -1 -1 -1 -1 -1 -1 -1 -1 -1 -1 -1 -1 -1 -1 -1 -1 -1 -1 -1 -1 -1 -1 -1 -1 -1 -1 -1 3785 -1 -1 4031 5759 9327 4616 7986 8823 1398 5451 1541 2512 -1 -1 -1 -1 2864 7026 7612 -1 6303 -1 5523 -1 -1 7266 -1 6971 4608 -1 1212 -1 -1 -1 2416 -1 6567 1552 -1 7376 -1 -1 8636 -1 8274 6658 7317 -1 4892 -1 -1 -1 -1 -1 -1 -1 -1 -1 -1 -1 -1 -1 -1 -1 -1 -1
-1 -1 -1 -1 -1 -1 -1 -1 -1 -1 -1 -1 -1 -1 -1 -1 -1 -1 -1 -1 -1 -1 -1 -1 -1 -1 -1 -1 -1 -1 -1 -1 5150 -1 5974 4814 8858 -1 322 -1 4357 -1 3744 -1 632 -1 8882 1770 6124 9610 3235 -1 6545 -1 6264 -1 491 4153 2240 -1 3350 4412 -1 846 514 1129 7882 -1 -1 2608 -1 7617 -1 5523 2151 2519 -1 2478 4438 -1 6441 8303 -1 7915 9916 135 8248 -1 -1 -1 -1 -1 -1 -1 -1 -1 -1 -1 -1 -1
-1 -1 -1 -1 -1 -1 -1 -1 -1 -1 -1 -1 -1 -1 -1 -1 -1 -1 -1 -1 -1 -1 -1 -1 -1 -1 -1 -1 -1 -1 3489 1893 6031 8078 9171 -1 8064 6627 -1 3811 5345 9289 -1 7101 -1 4943 139 -1 222 -1 7195 -1 -1 4987 3834 4707 -1 2909 -1 3432 -1 2648 -1 187 -1 -1 -1 3137 -1 1709 -1 7855 -1 -1 423 -1 7211 -1 -1 301 -1 6081 -1 94 -1 -1 -1 -1 -1 -1 -1 -1 -1 -1 -1 -1 -1 -1 -1 -1
-1 -1 -1 -1 -1 -1 -1 -1 -1 -1 -1 -1 -1 -1 -1 -1 -1 -1 -1 -1 -1 -1 -1 -1 -1 -1 -1 -1 -1 -1 -1 9936 -1 7635 -1 2046 7008 -1 -1 -1 2428 -1 6826 3996 8892 951 -1 820 9516 586 -1 171 9811 -1 -1 3112 -1 5588 1378 4890 403 363 2255 8155 1745 7391 2813 4192 2133 684 5462 3029 9365 6427 -1 1555 979 7121 5296 9968 -1 -1 1608 8553 1906 8067 175 321 -1 -1 -1 -1 -1 -1 -1 -1 -1 -1 -1 -1
-1 -1 -1 -1 -1 -1 -1 -1 -1 -1 -1 -1 -1 -1 -1 -1 -1 -1 -1 -1 -1 -1 -1 -1 -1 -1 -1 -1 -1 -1 -1 -1 -1 4053 4281 -1 7868 -1 -1 6180 -1 6959 9210 -1 3860 -1 9285 -1 5647 -1 2047 -1 6469 -1 8554 9913 8620 -1 3878 -1 -1 -1 -1 -1 1962 -1 -1 8490 -1 -1 -1 -1 -1 -1 -1 8512 -1 -1 -1 -1 796 -1 8714 -1 6027 -1 -1 -1 -1 -1 -1 -1 -1 -1 -1 -1 -1 -1 -1 -1
-1 -1 -1 -1 -1 -1 -1 -1 -1 -1 -1 -1 -1 -1 -1 -1 -1 -1 -1 -1 -1 -1 -1 -1 -1 -1 -1 -1 -1 -1 -1 -1 -1 -1 -1 9989 -1 4346 8686 6605 6817 4853 -1 3130 -1 5034 1088 7772 -1 930 5887 6035 6843 3871 9650 -1 -1 8671 6051 4387 4778 4915 4181 2604 -1 7294 8135 440 6665 8180 1231 6958 5486 3917 5543 3952 5518 6491 9770 4636 2454 5682 2508 4481 -1 -1 5262 8484 -1 -1 -1 -1 -1 -1 -1 -1 -1 -1 -1 -1
-1 -1 -1 -1 -1 -1 -1 -1 -1 -1 -1 -1 -1 -1 -1 -1 -1 -1 -1 -1 -1 -1 -1 -1 -1 -1 -1 -1 -1 -1 -1 1392 3098 898 696 5252 2152 9634 -1 445 -1 -1 5444 1106 4305 -1 6365 -1 4725 7333 -1 7243 -1 2640 -1 8181 2768 713 -1 9463 -1 2330 -1 -1 6891 -1 -1 7616 -1 6876 -1 -1 -1 3534 -1 797 -1 129 -1 -1 -1 -1 -1 -1 1575 -1 7715 -1 3232 -1 -1 -1 -1 -1 -1 -1 -1 -1 -1 -1
-1 -1 -1 -1 -1 -1 -1 -1 -1 -1 -1 -1 -1 -1 -1 -1 -1 -1 -1 -1 -1 -1 -1 -1 -1 -1 -1 -1 -1 -1 -1 -1 -1 5347 -1 849 -1 4792 -1 -1 5667 1066 7998 -1 352 1859 3686 6062 -1 -1 7931 1566 -1 -1 6498 6408 -1 9685 8731 -1 2067 5563 7284 9784 2910 3664 2550 -1 -1 2728 6685 6153 372 -1 5511 7593 -1 517 7877 5113 6589 8260 5825 6144 9625 1938 4229 6342 2476 8431 835 9788 -1 -1 -1 -1 -1 -1 -1 -1
-1 -1 -1 -1 -1 -1 -1 -1 -1 -1 -1 -1 -1 -1 -1 -1 -1 -1 -1 -1 -1 -1 -1 -1 -1 -1 -1 -1 -1 -1 -1 -1 -1 7146 8186 -1 9477 -1 8724 5893 -1 -1 -1 2917 700 -1 -1 809 -1 9875 7169 -1 2462 9686 8465 -1 9419 9687 -1 9572 -1 2807 -1 -1 906 -1 4431 7203 389 -1 1631 -1 3044 8252 -1 3507 -1 8145 -1 2503 -1 -1 5606 -1 7243 -1 4864 -1 6073 -1 -1 -1 -1 -1 -1 -1 -1 -1 -1 -1
-1 -1 -1 -1 -1 -1 -1 -1 -1 -1 -1 -1 -1 -1 -1 -1 -1 -1 -1 -1 -1 -1 -1 -1 -1 -1 -1 -1 -1 -1 -1 -1 -1 -1 -1 4632 1320 4753 -1 3017 8663 5323 7182 3798 -1 7271 2419 5562 4067 5915 -1 1319 2923 -1 1267 9057 -1 3698 9597 3052 1267 -1 4085 8051 8659 -1 9892 -1 -1 3828 -1 50 -1 -1 -1 4025 -1 522 6211 -1 -1 3609 9331 -1 557 -1 1793 5865 -1 -1 -1 -1 -1 -1 -1 -1 -1 -1 -1 -1
-1 -1 -1 -1 -1 -1 -1 -1 -1 -1 -1 -1 -1 -1 -1 -1 -1 -1 -1 -1 -1 -1 -1 -1 -1 -1 -1 -1 -1 -1 -1 -1 -1 -1 633 -1 9892 -1 4363 -1 1746 -1 2417 -1 5178 -1 -1 -1 9111 -1 8798 6451 -1 -1 -1 8221 -1 8193 -1 7948 -1 -1 -1 -1 6480 -1 9070 1659 2205 3065 6382 6591 4358 448 941 -1 -1 -1 526 6681 4867 -1 6855 8328 -1 6987 6664 -1 -1 -1 -1 -1 -1 -1 -1 -1 -1 -1 -1 -1
-1 -1 -1 -1 -1 -1 -1 -1 -1 -1 -1 -1 -1 -1 -1 -1 -1 -1 -1 -1 -1 -1 -1 -1 -1 -1 -1 -1 -1 -1 -1 -1 3154 9422 9742 3026 4062 2663 7876 5705 -1 4381 -1 2798 8359 9610 958 8897 5230 582 -1 9580 9452 -1 5066 -1 3630 -1 9451 -1 9508 -1 6321 -1 1917 -1 7601 -1 6741 -1 -1 4596 -1 9168 -1 -1 -1 3710 6467 -1 -1 -1 -1 5827 -1 -1 8771 306 610 7357 -1 -1 -1 -1 -1 -1 -1 -1 -1 -1
-1 -1 -1 -1 -1 -1 -1 -1 -1 -1 -1 -1 -1 -1 -1 -1 -1 -1 -1 -1 -1 -1 -1 -1 -1 -1 -1 -1 -1 -1 -1 -1 -1 6890 -1 -1 -1 -1 -1 7424 5869 5557 6486 5000 -1 1784 -1 4546 -1 8311 218 -1 7396 9639 4719 9288 7220 9580 5332 716 3963 -1 6387 3753 -1 8102 9207 -1 2930 4880 -1 6017 4620 -1 3935 -1 1687 -1 7960 -1 -1 -1 -1 -1 5482 4776 5061 -1 -1 -1 -1 -1 -1 -1 -1 -1 -1 -1 -1 -1
-1 -1 -1 -1 -1 -1 -1 -1 -1 -1 -1 -1 -1 -1 -1 -1 -1 -1 -1 -1 -1 -1 -1 -1 -1 -1 -1 -1 -1 -1 -1 4116 -1 -1 5360 1792 5346 6684 291 4053 -1 4984 -1 3034 6670 -1 7839 691 5615 -1 8648 7273 4786 -1 -1 2150 -1 3220 -1 -1 -1 4841 -1 3542 -1 -1 2840 9533 -1 2055 7403 -1 234 6216 286 9269 5696 8572 -1 -1 -1 -1 -1 -1 -1 -1 9237 -1 -1 -1 -1 -1 -1 -1 -1 -1 -1 -1 -1 -1
-1 -1 -1 -1 -1 -1 -1 -1 -1 -1 -1 -1 -1 -1 -1 -1 -1 -1 -1 -1 -1 -1 -1 -1 -1 -1 -1 -1 -1 -1 -1 7818 -1 6084 -1 -1 -1 9751 -1 6882 -1 6113 2940 -1 1078 231 -1 5517 -1 -1 -1 3729 -1 4964 -1 2220 -1 6081 9786 226 9235 8211 204 2225 8075 3758 -1 1407 -1 164 -1 -1 5249 -1 1352 -1 1071 -1 -1 -1 -1 -1 -1 -1 -1 -1 -1 -1 -1 -1 -1 -1 -1 -1 -1 -1 -1 -1 -1 -1
-1 -1 -1 -1 -1 -1 -1 -1 -1 -1 -1 -1 -1 -1 -1 -1 -1 -1 -1 -1 -1 -1 -1 -1 -1 -1 -1 -1 -1 130 548 4765 1629 5178 4940 3624 6422 3306 -1 105 -1 5137 -1 5712 9622 -1 -1 9750 452 -1 -1 818 1862 5921 6323 -1 -1 -1 8839 -1 4695 -1 7008 -1 -1 -1 4189 -1 8173 1729 -1 7295 2196 9120 -1 4920 -1 4225 -1 -1 -1 -1 -1 -1 -1 -1 -1 -1 -1 -1 -1 -1 -1 -1 -1 -1 -1 -1 -1 -1
-1 -1 -1 -1 -1 -1 -1 -1 -1 -1 -1 -1 -1 -1 -1 -1 -1 -1 -1 -1 -1 -1 -1 -1 -1 -1 -1 -1 -1 -1 -1 5080 -1 2820 -1 897 -1 2701 5682 -1 7390 -1 9471 6659 -1 1387 3248 7288 -1 5112 1416 9439 -1 -1 -1 5651 -1 -1 1514 3657 -1 -1 9234 2353 4116 6958 3313 1789 -1 750 -1 3604 -1 2892 7846 8027 6130 1022 5154 -1 -1 -1 -1 -1 -1 -1 -1 -1 -1 -1 -1 -1 -1 -1 -1 -1 -1 -1 -1 -1
-1 -1 -1 -1 -1 -1 -1 -1 -1 -1 -1 -1 -1 -1 -1 -1 -1 -1 -1 -1 -1 -1 -1 -1 -1 -1 -1 -1 -1 1827 3747 4488 -1 6186 -1 6294 -1 9876 -1 4084 8478 -1 -1 9018 4637 -1 9993 -1 5647 5293 -1 2382 5311 1939 6620 2573 3260 1383 -1 873 6367 7511 -1 994 -1 -1 -1 -1 3101 4839 -1 9353 230 -1 442 -1 9306 -1 -1 -1 -1 -1 -1 -1 -1 -1 -1 -1 -1 -1 -1 -1 -1 -1 -1 -1 -1 -1 -1 -1
-1 -1 -1 -1 -1 -1 -1 -1 -1 -1 -1 -1 -1 -1 -1 -1 -1 -1 -1 -1 -1 -1 -1 -1 -1 -1 -1 -1 -1 8659 -1 6809 -1 4200 7138 -1 425 8586 2348 2466 -1 1545 4330 9583 -1 3069 2028 -1 384 -1 9718 7795 -1 -1 8221 -1 -1 9572 2511 -1 2556 -1 -1 2461 8087 9116 3092 2118 -1 4940 2170 -1 859 -1 2667 6527 -1 -1 -1 -1 -1 -1 -1 -1 -1 -1 -1 -1 -1 -1 -1 -1 -1 -1 -1 -1 -1 -1 -1 -1
-1 -1 -1 -1 -1 -1 -1 -1 -1 -1 -1 -1 -1 -1 -1 -1 -1 -1 -1 -1 -1 -1 -1 -1 -1 -1 -1 -1 -1 -1 -1 762 -1 7207 -1 9896 3075 -1 4236 -1 5575 -1 619 -1 836 2323 -1 1025 9560 8203 -1 3369 2304 -1 7874 9460 5477 -1 1098 -1 8749 5483 4302 -1 2559 -1 -1 -1 -1 -1 57 -1 1704 30 -1 3611 6614 -1 -1 -1 -1 -1 -1 -1 -1 -1 -1 -1 -1 -1 -1 -1 -1 -1 -1 -1 -1 -1 -1 -1
-1 -1 -1 -1 -1 -1 -1 -1 -1 -1 -1 -1 -1 -1 -1 -1 -1 -1 -1 -1 -1 -1 -1 -1 -1 -1 -1 -1 -1 -1 -1 -1 -1 -1 -1 -1 -1 9106 9782 3669 6811 3117 -1 6172 5160 -1 1823 3111 -1 8888 1950 -1 1773 9991 -1 -1 3744 -1 9052 -1 6800 -1 9654 -1 4697 5787 5488 7190 909 6299 -1 -1 7201 -1 -1 -1 -1 -1 -1 -1 -1 -1 -1 -1 -1 -1 -1 -1 -1 -1 -1 -1 -1 -1 -1 -1 -1 -1 -1 -1
-1 -1 -1 -1 -1 -1 -1 -1 -1 -1 -1 -1 -1 -1 -1 -1 -1 -1 -1 -1 -1 -1 -1 -1 -1 -1 -1 -1 -1 -1 -1 -1 -1 -1 -1 -1 -1 8926 -1 5938 -1 -1 8396 -1 -1 -1 6313 -1 1143 7796 -1 2422 7952 -1 -1 8807 -1 -1 5519 2333 -1 -1 4693 933 -1 6139 -1 -1 -1 -1 -1 -1 -1 -1 -1 -1 -1 -1 -1 -1 -1 -1 -1 -1 -1 -1 -1 -1 -1 -1 -1 -1 -1 -1 -1 -1 -1 -1 -1 -1
-1 -1 -1 -1 -1 -1 -1 -1 -1 -1 -1 -1 -1 -1 -1 -1 -1 -1 -1 -1 -1 -1 -1 -1 -1 -1 -1 -1 -1 -1 -1 -1 -1 -1 -1 -1 7016 -1 1166 -1 4517 -1 946 1420 4445 834 8441 7191 -1 7813 4359 -1 8734 1685 354 3335 6000 6912 -1 1869 7239 5389 -1 -1 3881 4239 4150 4839 -1 9791 1907 -1 -1 -1 -1 -1 -1 -1 -1 -1 -1 -1 -1 -1 -1 -1 -1 -1 -1 -1 -1 -1 -1 -1 -1 -1 -1 -1 -1 -1
-1 -1 -1 -1 -1 -1 -1 -1 -1 -1 -1 -1 -1 -1 -1 -1 -1 -1 -1 -1 -1 -1 -1 -1 -1 -1 -1 -1 -1 -1 -1 -1 -1 -1 -1 2556 4553 1932 4333 9797 2271 6794 -1 -1 6834 -1 3023 -1 1197 -1 7608 7226 -1 -1 -1 9271 -1 -1 794 -1 -1 -1 -1 9859 -1 -1 -1 -1 -1 2763 -1 -1 -1 -1 -1 -1 -1 -1 -1 -1 -1 -1 -1 -1 -1 -1 -1 -1 -1 -1 -1 -1 -1 -1 -1 -1 -1 -1 -1 -1
-1 -1 -1 -1 -1 -1 -1 -1 -1 -1 -1 -1 -1 -1 -1 -1 -1 -1 -1 -1 -1 -1 -1 -1 -1 -1 -1 -1 -1 -1 -1 -1 -1 -1 -1 -1 -1 3900 -1 6592 -1 9110 7621 -1 435 -1 5673 5219 3437 8504 -1 1624 974 9071 -1 8771 6071 8195 9884 1609 3369 43 9713 4840 8885 3036 1495 3276 2392 3389 767 7577 5881 8249 2252 -1 -1 -1 -1 -1 -1 -1 -1 -1 -1 -1 -1 -1 -1 -1 -1 -1 -1 -1 -1 -1 -1 -1 -1 -1
-1 -1 -1 -1 -1 -1 -1 -1 -1 -1 -1 -1 -1 -1 -1 -1 -1 -1 -1 -1 -1 -1 -1 -1 -1 -1 -1 -1 -1 -1 -1 -1 -1 -1 -1 7137 2903 146 9061 -1 4006 -1 2715 677 3002 -1 186 -1 6066 -1 351 -1 3823 -1 -1 9534 -1 -1 859 -1 -1 8579 -1 3886 -1 -1 2931 -1 5358 -1 4385 -1 -1 -1 -1 -1 -1 -1 -1 -1 -1 -1 -1 -1 -1 -1 -1 -1 -1 -1 -1 -1 -1 -1 -1 -1 -1 -1 -1 -1
-1 -1 -1 -1 -1 -1 -1 -1 -1 -1 -1 -1 -1 -1 -1 -1 -1 -1 -1 -1 -1 -1 -1 -1 -1 -1 -1 -1 -1 -1 -1 -1 -1 -1 -1 -1 475 -1 -1 3851 3013 9724 2062 -1 8299 8203 -1 672 7894 -1 2750 4450 2998 3457 3642 -1 5295 -1 1724 5418 -1 6016 -1 5849 5204 8662 -1 2253 -1 -1 7904 6050 -1 -1 -1 -1 -1 -1 -1 -1 -1 -1 -1 -1 -1 -1 -1 -1 -1 -1 -1 -1 -1 -1 -1 -1 -1 -1 -1 -1
-1 -1 -1 -1 -1 -1 -1 -1 -1 -1 -1 -1 -1 -1 -1 -1 -1 -1 -1 -1 -1 -1 -1 -1 -1 -1 -1 -1 -1 -1 -1 -1 -1 -1 -1 -1 -1 6722 5444 5435 -1 5855 -1 6343 276 -1 2295 -1 4224 1273 -1 -1 5658 -1 4752 5811 1872 5459 -1 -1 6182 -1 4778 -1 -1 3849 5752 8153 7015 4854 -1 -1 -1 -1 -1 -1 -1 -1 -1 -1 -1 -1 -1 -1 -1 -1 -1 -1 -1 -1 -1 -1 -1 -1 -1 -1 -1 -1 -1 -1
-1 -1 -1 -1 -1 -1 -1 -1 -1 -1 -1 -1 -1 -1 -1 -1 -1 -1 -1 -1 -1 -1 -1 -1 -1 -1 -1 -1 -1 -1 -1 -1 -1 -1 -1 -1 -1 7717 -1 1336 -1 2031 740 -1 5262 7569 8201 -1 9265 -1 343 1282 260 836 -1 9062 -1 9262 8320 8686 1181 8250 8209 8152 3534 -1 2977 -1 -1 -1 -1 -1 -1 -1 -1 -1 -1 -1 -1 -1 -1 -1 -1 -1 -1 -1 -1 -1 -1 -1 -1 -1 -1 -1 -1 -1 -1 -1 -1 -1
-1 -1 -1 -1 -1 -1 -1 -1 -1 -1 -1 -1 -1 -1 -1 -1 -1 -1 -1 -1 -1 -1 -1 -1 -1 -1 -1 -1 -1 -1 -1 -1 -1 -1 -1 -1 -1 1638 -1 -1 9874 -1 1986 1541 -1 6277 -1 -1 2622 7961 -1 7814 -1 9020 -1 9569 6128 -1 -1 8651 -1 6588 -1 -1 -1 -1 9476 8087 8246 -1 -1 -1 -1 -1 -1 -1 -1 -1 -1 -1 -1 -1 -1 -1 -1 -1 -1 -1 -1 -1 -1 -1 -1 -1 -1 -1 -1 -1 -1 -1
-1 -1 -1 -1 -1 -1 -1 -1 -1 -1 -1 -1 -1 -1 -1 -1 -1 -1 -1 -1 -1 -1 -1 -1 -1 -1 -1 -1 -1 -1 -1 -1 -1 -1 -1 -1 -1 -1 -1 2640 6509 7200 3626 -1 -1 8956 9014 3133 -1 -1 8535 4578 1896 -1 8238 7066 -1 9587 -1 1695 -1 1444 2368 2918 7576 -1 -1 7821 -1 -1 -1 -1 -1 -1 -1 -1 -1 -1 -1 -1 -1 -1 -1 -1 -1 -1 -1 -1 -1 -1 -1 -1 -1 -1 -1 -1 -1 -1 -1 -1
-1 -1 -1 -1 -1 -1 -1 -1 -1 -1 -1 -1 -1 -1 -1 -1 -1 -1 -1 -1 -1 -1 -1 -1 -1 -1 -1 -1 -1 -1 -1 -1 -1 -1 -1 -1 -1 -1 -1 -1 2993 -1 3393 9851 -1 3817 -1 -1 -1 142 1407 -1 -1 1593 -1 5320 908 1104 1950 -1 4134 1721 -1 1018 -1 5725 -1 -1 -1 -1 -1 -1 -1 -1 -1 -1 -1 -1 -1 -1 -1 -1 -1 -1 -1 -1 -1 -1 -1 -1 -1 -1 -1 -1 -1 -1 -1 -1 -1 -1
-1 -1 -1 -1 -1 -1 -1 -1 -1 -1 -1 -1 -1 -1 -1 -1 -1 -1 -1 -1 -1 -1 -1 -1 -1 -1 -1 -1 -1 -1 -1 -1 -1 -1 -1 -1 -1 -1 7412 3016 6063 -1 8719 -1 -1 4473 -1 -1 -1 -1 -1 1278 8244 9077 913 4085 -1 -1 -1 -1 -1 -1 8785 8122 876 6100 6464 1007 -1 -1 -1 -1 -1 -1 -1 -1 -1 -1 -1 -1 -1 -1 -1 -1 -1 -1 -1 -1 -1 -1 -1 -1 -1 -1 -1 -1 -1 -1 -1 -1
-1 -1 -1 -1 -1 -1 -1 -1 -1 -1 -1 -1 -1 -1 -1 -1 -1 -1 -1 -1 -1 -1 -1 -1 -1 -1 -1 -1 -1 -1 -1 -1 -1 -1 -1 -1 -1 -1 3451 -1 5786 -1 4792 7748 -1 -1 -1 -1 -1 -1 -1 2658 -1 3858 -1 4213 6940 8715 2516 6012 8892 -1 -1 5883 -1 -1 -1 -1 -1 -1 -1 -1 -1 -1 -1 -1 -1 -1 -1 -1 -1 -1 -1 -1 -1 -1 -1 -1 -1 -1 -1 -1 -1 -1 -1 -1 -1 -1 -1 -1
-1 -1 -1 -1 -1 -1 -1 -1 -1 -1 -1 -1 -1 -1 -1 -1 -1 -1 -1 -1 -1 -1 -1 -1 -1 -1 -1 -1 -1 -1 -1 -1 -1 -1 -1 -1 -1 -1 5767 -1 3715 -1 9274 -1 -1 -1 -1 -1 -1 -1 -1 -1 7019 2534 2358 -1 5542 -1 6134 -1 -1 -1 9905 7561 8017 2619 -1 -1 -1 -1 -1 -1 -1 -1 -1 -1 -1 -1 -1 -1 -1 -1 -1 -1 -1 -1 -1 -1 -1 -1 -1 -1 -1 -1 -1 -1 -1 -1 -1 -1
-1 -1 -1 -1 -1 -1 -1 -1 -1 -1 -1 -1 -1 -1 -1 -1 -1 -1 -1 -1 -1 -1 -1 -1 -1 -1 -1 -1 -1 -1 -1 -1 -1 -1 -1 -1 -1 -1 -1 -1 -1 -1 -1 -1 -1 -1 -1 -1 -1 -1 -1 -1 -1 1286 -1 -1 6843 -1 9166 5623 -1 -1 -1 -1 1822 -1 -1 -1 -1 -1 -1 -1 -1 -1 -1 -1 -1 -1 -1 -1 -1 -1 -1 -1 -1 -1 -1 -1 -1 -1 -1 -1 -1 -1 -1 -1 -1 -1 -1 -1
-1 -1 -1 -1 -1 -1 -1 -1 -1 -1 -1 -1 -1 -1 -1 -1 -1 -1 -1 -1 -1 -1 -1 -1 -1 -1 -1 -1 -1 -1 -1 -1 -1 -1 -1 -1 -1 -1 -1 -1 -1 -1 -1 -1 -1 -1 -1 -1 -1 -1 -1 -1 -1 9390 -1 -1 -1 -1 -1 -1 -1 -1 -1 -1 581 -1 -1 -1 -1 -1 -1 -1 -1 -1 -1 -1 -1 -1 -1 -1 -1 -1 -1 -1 -1 -1 -1 -1 -1 -1 -1 -1 -1 -1 -1 -1 -1 -1 -1 -1
-1 -1 -1 -1 -1 -1 -1 -1 -1 -1 -1 -1 -1 -1 -1 -1 -1 -1 -1 -1 -1 -1 -1 -1 -1 -1 -1 -1 -1 -1 -1 -1 -1 -1 -1 -1 -1 -1 -1 -1 -1 -1 -1 -1 -1 -1 -1 -1 -1 -1 -1 -1 -1 -1 -1 -1 -1 -1 -1 -1 -1 -1 -1 -1 -1 -1 -1 -1 -1 -1 -1 -1 -1 -1 -1 -1 -1 -1 -1 -1 -1 -1 -1 -1 -1 -1 -1 -1 -1 -1 -1 -1 -1 -1 -1 -1 -1 -1 -1 -1
-1 -1 -1 -1 -1 -1 -1 -1 -1 -1 -1 -1 -1 -1 -1 -1 -1 -1 -1 -1 -1 -1 -1 -1 -1 -1 -1 -1 -1 -1 -1 -1 -1 -1 -1 -1 -1 -1 -1 -1 -1 -1 -1 -1 -1 -1 -1 -1 -1 -1 -1 -1 -1 -1 -1 -1 -1 -1 -1 -1 -1 -1 -1 -1 -1 -1 -1 -1 -1 -1 -1 -1 -1 -1 -1 -1 -1 -1 -1 -1 -1 -1 -1 -1 -1 -1 -1 -1 -1 -1 -1 -1 -1 -1 -1 -1 -1 -1 -1 -1
-1 -1 -1 -1 -1 -1 -1 -1 -1 -1 -1 -1 -1 -1 -1 -1 -1 -1 -1 -1 -1 -1 -1 -1 -1 -1 -1 -1 -1 -1 -1 -1 -1 -1 -1 -1 -1 -1 -1 -1 -1 -1 -1 -1 -1 -1 -1 -1 -1 -1 -1 -1 -1 -1 -1 -1 -1 -1 -1 -1 -1 -1 -1 -1 -1 -1 -1 -1 -1 -1 -1 -1 -1 -1 -1 -1 -1 -1 -1 -1 -1 -1 -1 -1 -1 -1 -1 -1 -1 -1 -1 -1 -1 -1 -1 -1 -1 -1 -1 -1
-1 -1 -1 -1 -1 -1 -1 -1 -1 -1 -1 -1 -1 -1 -1 -1 -1 -1 -1 -1 -1 -1 -1 -1 -1 -1 -1 -1 -1 -1 -1 -1 -1 -1 -1 -1 -1 -1 -1 -1 -1 -1 -1 -1 -1 -1 -1 -1 -1 -1 -1 -1 -1 -1 -1 -1 -1 -1 -1 -1 -1 -1 -1 -1 -1 -1 -1 -1 -1 -1 -1 -1 -1 -1 -1 -1 -1 -1 -1 -1 -1 -1 -1 -1 -1 -1 -1 -1 -1 -1 -1 -1 -1 -1 -1 -1 -1 -1 -1 -1
-1 -1 -1 -1 -1 -1 -1 -1 -1 -1 -1 -1 -1 -1 -1 -1 -1 -1 -1 -1 -1 -1 -1 -1 -1 -1 -1 -1 -1 -1 -1 -1 -1 -1 -1 -1 -1 -1 -1 -1 -1 -1 -1 -1 -1 -1 -1 -1 -1 -1 -1 -1 -1 -1 -1 -1 -1 -1 -1 -1 -1 -1 -1 -1 -1 -1 -1 -1 -1 -1 -1 -1 -1 -1 -1 -1 -1 -1 -1 -1 -1 -1 -1 -1 -1 -1 -1 -1 -1 -1 -1 -1 -1 -1 -1 -1 -1 -1 -1 -1
-1 -1 -1 -1 -1 -1 -1 -1 -1 -1 -1 -1 -1 -1 -1 -1 -1 -1 -1 -1 -1 -1 -1 -1 -1 -1 -1 -1 -1 -1 -1 -1 -1 -1 -1 -1 -1 -1 -1 -1 -1 -1 -1 -1 -1 -1 -1 -1 -1 -1 -1 -1 -1 -1 -1 -1 -1 -1 -1 -1 -1 -1 -1 -1 -1 -1 -1 -1 -1 -1 -1 -1 -1 -1 -1 -1 -1 -1 -1 -1 -1 -1 -1 -1 -1 -1 -1 -1 -1 -1 -1 -1 -1 -1 -1 -1 -1 -1 -1 -1
-1 -1 -1 -1 -1 -1 -1 -1 -1 -1 -1 -1 -1 -1 -1 -1 -1 -1 -1 -1 -1 -1 -1 -1 -1 -1 -1 -1 -1 -1 -1 -1 -1 -1 -1 -1 -1 -1 -1 -1 -1 -1 -1 -1 -1 -1 -1 -1 -1 -1 -1 -1 -1 -1 -1 -1 -1 -1 -1 -1 -1 -1 -1 -1 -1 -1 -1 -1 -1 -1 -1 -1 -1 -1 -1 -1 -1 -1 -1 -1 -1 -1 -1 -1 -1 -1 -1 -1 -1 -1 -1 -1 -1 -1 -1 -1 -1 -1 -1 -1
-1 -1 -1 -1 -1 -1 -1 -1 -1 -1 -1 -1 -1 -1 -1 -1 -1 -1 -1 -1 -1 -1 -1 -1 -1 -1 -1 -1 -1 -1 -1 -1 -1 -1 -1 -1 -1 -1 -1 -1 -1 -1 -1 -1 -1 -1 -1 -1 -1 -1 -1 -1 -1 -1 -1 -1 -1 -1 -1 -1 -1 -1 -1 -1 -1 -1 -1 -1 -1 -1 -1 -1 -1 -1 -1 -1 -1 -1 -1 -1 -1 -1 -1 -1 -1 -1 -1 -1 -1 -1 -1 -1 -1 -1 -1 -1 -1 -1 -1 -1
-1 -1 -1 -1 -1 -1 -1 -1 -1 -1 -1 -1 -1 -1 -1 -1 -1 -1 -1 -1 -1 -1 -1 -1 -1 -1 -1 -1 -1 -1 -1 -1 -1 -1 -1 -1 -1 -1 -1 -1 -1 -1 -1 -1 -1 -1 -1 -1 -1 -1 -1 -1 -1 -1 -1 -1 -1 -1 -1 -1 -1 -1 -1 -1 -1 -1 -1 -1 -1 -1 -1 -1 -1 -1 -1 -1 -1 -1 -1 -1 -1 -1 -1 -1 -1 -1 -1 -1 -1 -1 -1 -1 -1 -1 -1 -1 -1 -1 -1 -1
-1 -1 -1 -1 -1 -1 -1 -1 -1 -1 -1 -1 -1 -1 -1 -1 -1 -1 -1 -1 -1 -1 -1 -1 -1 -1 -1 -1 -1 -1 -1 -1 -1 -1 -1 -1 -1 -1 -1 -1 -1 -1 -1 -1 -1 -1 -1 -1 -1 -1 -1 -1 -1 -1 -1 -1 -1 -1 -1 -1 -1 -1 -1 -1 -1 -1 -1 -1 -1 -1 -1 -1 -1 -1 -1 -1 -1 -1 -1 -1 -1 -1 -1 -1 -1 -1 -1 -1 -1 -1 -1 -1 -1 -1 -1 -1 -1 -1 -1 -1
-1 -1 -1 -1 -1 -1 -1 -1 -1 -1 -1 -1 -1 -1 -1 -1 -1 -1 -1 -1 -1 -1 -1 -1 -1 -1 -1 -1 -1 -1 -1 -1 -1 -1 -1 -1 -1 -1 -1 -1 -1 -1 -1 -1 -1 -1 -1 -1 -1 -1 -1 -1 -1 -1 -1 -1 -1 -1 -1 -1 -1 -1 -1 -1 -1 -1 -1 -1 -1 -1 -1 -1 -1 -1 -1 -1 -1 -1 -1 -1 -1 -1 -1 -1 -1 -1 -1 -1 -1 -1 -1 -1 -1 -1 -1 -1 -1 -1 -1 -1
-1 -1 -1 -1 -1 -1 -1 -1 -1 -1 -1 -1 -1 -1 -1 -1 -1 -1 -1 -1 -1 -1 -1 -1 -1 -1 -1 -1 -1 -1 -1 -1 -1 -1 -1 -1 -1 -1 -1 -1 -1 -1 -1 -1 -1 -1 -1 -1 -1 -1 -1 -1 -1 -1 -1 -1 -1 -1 -1 -1 -1 -1 -1 -1 -1 -1 -1 -1 -1 -1 -1 -1 -1 -1 -1 -1 -1 -1 -1 -1 -1 -1 -1 -1 -1 -1 -1 -1 -1 -1 -1 -1 -1 -1 -1 -1 -1 -1 -1 -1
-1 -1 -1 -1 -1 -1 -1 -1 -1 -1 -1 -1 -1 -1 -1 -1 -1 -1 -1 -1 -1 -1 -1 -1 -1 -1 -1 -1 -1 -1 -1 -1 -1 -1 -1 -1 -1 -1 -1 -1 -1 -1 -1 -1 -1 -1 -1 -1 -1 -1 -1 -1 -1 -1 -1 -1 -1 -1 -1 -1 -1 -1 -1 -1 -1 -1 -1 -1 -1 -1 -1 -1 -1 -1 -1 -1 -1 -1 -1 -1 -1 -1 -1 -1 -1 -1 -1 -1 -1 -1 -1 -1 -1 -1 -1 -1 -1 -1 -1 -1
-1 -1 -1 -1 -1 -1 -1 -1 -1 -1 -1 -1 -1 -1 -1 -1 -1 -1 -1 -1 -1 -1 -1 -1 -1 -1 -1 -1 -1 -1 -1 -1 -1 -1 -1 -1 -1 -1 -1 -1 -1 -1 -1 -1 -1 -1 -1 -1 -1 -1 -1 -1 -1 -1 -1 -1 -1 -1 -1 -1 -1 -1 -1 -1 -1 -1 -1 -1 -1 -1 -1 -1 -1 -1 -1 -1 -1 -1 -1 -1 -1 -1 -1 -1 -1 -1 -1 -1 -1 -1 -1 -1 -1 -1 -1 -1 -1 -1 -1 -1
-1 -1 -1 -1 -1 -1 -1 -1 -1 -1 -1 -1 -1 -1 -1 -1 -1 -1 -1 -1 -1 -1 -1 -1 -1 -1 -1 -1 -1 -1 -1 -1 -1 -1 -1 -1 -1 -1 -1 -1 -1 -1 -1 -1 -1 -1 -1 -1 -1 -1 -1 -1 -1 -1 -1 -1 -1 -1 -1 -1 -1 -1 -1 -1 -1 -1 -1 -1 -1 -1 -1 -1 -1 -1 -1 -1 -1 -1 -1 -1 -1 -1 -1 -1 -1 -1 -1 -1 -1 -1 -1 -1 -1 -1 -1 -1 -1 -1 -1 -1
-1 -1 -1 -1 -1 -1 -1 -1 -1 -1 -1 -1 -1 -1 -1 -1 -1 -1 -1 -1 -1 -1 -1 -1 -1 -1 -1 -1 -1 -1 -1 -1 -1 -1 -1 -1 -1 -1 -1 -1 -1 -1 -1 -1 -1 -1 -1 -1 -1 -1 -1 -1 -1 -1 -1 -1 -1 -1 -1 -1 -1 -1 -1 -1 -1 -1 -1 -1 -1 -1 -1 -1 -1 -1 -1 -1 -1 -1 -1 -1 -1 -1 -1 -1 -1 -1 -1 -1 -1 -1 -1 -1 -1 -1 -1 -1 -1 -1 -1 -1
-1 -1 -1 -1 -1 -1 -1 -1 -1 -1 -1 -1 -1 -1 -1 -1 -1 -1 -1 -1 -1 -1 -1 -1 -1 -1 -1 -1 -1 -1 -1 -1 -1 -1 -1 -1 -1 -1 -1 -1 -1 -1 -1 -1 -1 -1 -1 -1 -1 -1 -1 -1 -1 -1 -1 -1 -1 -1 -1 -1 -1 -1 -1 -1 -1 -1 -1 -1 -1 -1 -1 -1 -1 -1 -1 -1 -1 -1 -1 -1 -1 -1 -1 -1 -1 -1 -1 -1 -1 -1 -1 -1 -1 -1 -1 -1 -1 -1 -1 -1
