1
100 100
0 0 99 99
9541 9311 1035 9921 9342 2262 8685 7151 184 8189 3885 4455 8295 4011 4030 7427 4325 7756 3404 3014 4402 9158 999 4298 6612 1696 5965 1822 9039 12 6015 8579 9322 7049 4851 5015 5663 9888 8517 5846 4428 2402 6653 9074 2764 682 6500 3440 8437 6256 6453 9191 1765 7452 3488 8377 5499 9452 6550 4537 5815 8916 9467 1489 5965 4317 2855 1627 556 1372 3824 1335 125 476 409 9240 1158 6908 2679 5946 9515 9131 5136 1280 2934 8623 6008 8432 4427 8909 2968 241 7825 8786 8081 3789 9455 936 1767 10
2307 5590 1345 8783 2418 1753 4374 9927 5012 7052 5872 879 2534 7360 2158 1820 5982 4517 251 6760 3425 9571 3353 1249 8356 1433 1389 7810 2368 9507 4172 1026 1449 1868 9808 3866 3620 533 3792 4983 7584 6015 5861 6470 3374 4370 8289 5708 8886 4891 8819 2311 813 2171 9911 5521 3604 1300 9682 5971 806 3853 6997 2254 5720 3156 2471 5691 3689 2614 7026 7624 8629 9238 445 8354 3608 5085 413 8845 9976 9232 7507 7140 1402 7418 2660 5005 5069 8694 976 5874 8898 7972 4480 4618 7479 3302 6660 1167
5916 37 5143 4544 9275 5587 9249 9234 672 9662 8078 6999 8893 5585 490 6646 9354 9502 1651 4422 8195 2626 6647 7092 6949 7478 8061 779 780 1073 1946 6695 1109 3440 7590 6735 9026 6838 5968 6049 2851 398 3047 8095 2334 3537 4741 1687 9390 6391 6108 7584 5368 2754 1027 8668 232 9088 9446 1011 6512 7743 4057 3972 1182 1646 707 6560 4835 3026 2608 4038 3423 2007 2132 5756 1895 6872 7442 1284 9614 9901 8867 1333 2655 6245 6352 9238 1684 2150 6600 8195 6244 656 2167 3778 8653 2873 337 3487
5898 9296 7524 5673 1302 6008 7780 3196 9231 5222 4479 5197 5122 9697 6529 4128 5942 9233 3365 7625 7734 9964 5820 3977 6971 4338 7754 5623 3562 4442 5462 5811 3738 9337 1483 1391 5344 9263 4587 4575 836 5417 9771 2309 1466 2651 6437 7407 8235 6153 1383 5968 2469 3554 6297 9439 7891 402 1414 7804 4844 6875 3615 4933 2563 1449 6323 7907 7063 7261 8833 7898 9030 4955 6559 495 3957 9347 7901 2192 5499 5635 4511 4319 9189 807 110 3431 7561 1523 1235 8756 4749 4849 3688 7311 6297 6362 1569 9712
9975 6753 7609 9004 8059 519 9498 2016 9865 3750 559 1716 9384 1421 6034 8572 8580 2495 2003 6140 4017 3237 4895 5117 4437 4934 8780 7085 1295 6700 6796 7621 3453 757 6624 1511 7627 2473 9878 7492 6222 436 9207 1958 1857 1592 529 436 4087 8883 2927 4455 8471 7821 5924 9259 2754 4703 6344 400 7754 9491 8021 1206 6599 996 9069 4226 3469 8946 1717 6042 9382 7275 7999 7590 5218 4880 4377 5656 114 7303 111 4937 1475 2386 4195 4228 3440 6890 979 1193 2733 5351 2399 9331 2699 1467 3556 2519
6764 1624 8560 2497 5250 2911 86 468 4142 814 2475 4255 8116 8937 9191 9590 1322 9738 169 4761 6627 7500 5954 9359 9202 4704 5042 1900 2522 4949 4418 9285 2925 9330 1782 8174 2240 8219 4993 6381 9033 7468 6987 3500 6404 2530 9442 4078 2267 5962 8838 5245 9813 1143 4604 9015 5846 5997 914 8367 945 5332 4004 3869 4661 5785 8395 3252 355 3387 9632 5739 7206 6618 9239 9962 5499 5032 4039 7765 7345 9228 3010 7158 371 3965 6172 6216 9961 7085 935 905 8768 4938 1126 3428 7074 9520 3031 7428
9258 2662 3167 2816 5632 8757 2777 1130 140 3167 5247 7484 2394 8256 4641 9116 2220 812 5332 8532 4249 2618 5788 3016 7555 6913 2796 4628 2784 5826 8407 8394 4840 7925 1209 6823 3033 337 7952 3172 9855 9550 7008 8600 7805 1648 7716 6376 8812 3047 1259 3060 5664 7047 2427 9570 311 5222 549 9447 7400 5307 7840 2239 3232 5400 9061 2616 2088 3364 2140 1942 2914 9147 541 7070 7146 8256 3446 2309 7654 1056 5368 3317 8102 4147 9238 4765 5720 9786 4211 3119 5093 8402 5357 4676 153 769 7291 2240
485 5782 4181 3398 4928 1073 467 8426 9329 264 734 3334 1320 2454 3003 5773 6600 2240 537 2319 2026 1099 1790 3470 9500 3498 8145 6004 4267 1787 8243 4751 7569 8775 4500 8848 9848 1318 7273 5528 7934 4359 8861 9253 6812 1863 1377 9763 4103 8266 8433 2480 9364 222 5949 5216 3720 445 1219 4338 8583 9462 5440 6151 8236 9939 1351 4435 7608 4975 9962 5541 9333 8823 1145 2496 685 2522 8610 4787 787 3395 3618 6502 3616 9566 1717 3687 6362 9288 4376 4945 8749 9815 1095 3336 6105 8797 7771 65
3772 7732 5605 3104 6554 3102 1952 3591 1975 561 4729 2761 3955 8347 9262 3923 7912 7331 3961 4274 6618 8337 5570 1718 4503 3016 1405 6960 1813 9175 7024 5584 3259 8980 8687 6164 8433 6990 9754 407 7551 4483 3167 1505 2829 8781 1779 7092 2463 5740 7717 9080 428 3286 7149 4930 6302 8553 8241 8114 4080 1616 3697 7338 596 8735 3501 5380 5725 9607 5787 3275 4089 8953 1131 3269 4085 9262 360 2899 5001 8077 8330 5428 1362 5478 6709 4015 4031 1302 2128 4462 2917 2176 1799 9864 911 1651 5244 6635
1257 1030 6261 5345 6334 3743 4965 6771 3004 5325 9669 4356 3401 7999 6135 1114 3476 9196 5129 3858 497 3608 8319 9765 5784 6469 9629 3046 8120 4872 9680 9376 2253 2292 1073 8586 2386 6037 5356 1742 1361 1377 6097 1113 9375 8584 8579 9202 4131 59 9412 4627 18 7730 4391 5801 551 371 8846 8670 5242 4877 4397 3846 3520 5469 2432 5906 7858 4139 3999 5570 5515 95 6683 1241 5030 1613 443 9160 8023 9854 138 8040 3935 881 193 4485 1251 9038 9506 6493 267 3903 6690 3786 5723 9121 6043 3580
9612 41 9150 1478 6488 2184 2719 1517 148 9513 7029 8170 9366 3518 2561 9652 4398 2753 489 5649 1791 9994 8493 8409 248 5182 2194 5971 4303 4589 9550 266 4629 5051 1743 7468 7234 813 5337 3733 325 2365 1902 6042 5882 4463 5694 280 7215 6182 5928 5357 2527 772 3765 2775 5953 2311 8745 6607 3251 4646 6872 7879 6049 4967 5347 9634 5779 683 3367 6104 9399 1620 8497 1632 6082 4190 8263 9649 6723 542 1357 5602 1313 1474 8376 7266 136 3472 3872 3386 4469 7096 7616 517 8414 2962 151 4192
9996 3517 6647 5746 5136 5144 7378 7570 5685 5640 3570 8760 2534 4926 4361 3846 2751 2736 1111 2886 2559 1335 2623 7027 4782 239 3896 3195 9552 398 3738 9548 266 6737 1645 5401 8232 5374 9322 3916 7366 9243 2675 9899 521 3387 3744 3271 6122 1207 2509 5032 8893 5131 8411 3674 5369 2306 3220 4921 2703 3309 820 2968 45 2464 4720 8276 7838 394 8544 5203 9636 1218 5101 156 957 5196 9779 7078 6402 2287 8462 5294 3769 6872 5319 9138 5529 4890 4058 8231 8199 1229 7550 8243 44 2269 2871 7881
9014 1414 9435 8650 8983 887 5157 9939 6083 1287 3369 8836 9925 1830 4130 3694 5053 5800 2831 581 690 3240 8811 8888 4468 2712 3482 863 1332 6352 8744 346 4117 4530 5347 3100 1769 6855 3038 4203 8142 2758 3038 8066 4587 3519 8111 9639 9319 941 6571 8 532 1733 5247 1351 4444 5080 2214 5776 1432 7309 2473 5548 8190 7819 4999 9958 4673 4389 4160 9166 7146 3550 3584 1733 7068 1694 7723 6386 8987 646 2745 5870 2378 4343 3573 6822 9423 5786 8949 7206 9446 1421 9105 7635 5591 4104 7593 6615
8492 8104 2133 5637 1653 5716 3721 8721 3761 7796 1458 9099 8441 555 1321 7170 1249 4893 343 671 678 9291 7876 123 7063 6981 4109 2653 7436 8053 5620 5927 6157 7752 7915 4161 9819 7988 9233 3579 5783 691 9030 575 7597 350 7744 8845 5242 8087 5868 2271 3729 3743 8745 7144 7075 2853 6148 862 906 1767 3140 3414 9518 1055 7574 5688 5394 6807 9267 1176 3849 4648 8102 1445 1349 2197 6641 2942 283 2508 5212 364 2603 308 7507 6029 9512 3654 3243 417 5421 6382 182 1290 3788 7756 6978 9181
914 2596 356 4762 3595 4809 2558 4943 7006 5550 7884 3640 4410 9447 4003 7012 9754 7861 9392 9265 1515 2634 6034 3287 9016 2567 928 2803 322 7905 1984 7587 6852 8691 2348 446 3500 1257 1740 6857 6807 5975 496 1216 5421 4499 4579 1526 2359 322 7143 225 9308 3176 9863 8323 5742 791 7477 2416 5047 5812 2 8251 855 8702 5048 706 9958 6788 7562 3116 2762 8057 683 4535 8907 1613 6060 7618 8287 3202 7842 7594 2729 7705 5916 4823 4847 9744 7238 9893 1908 3591 8143 2762 2292 3191 3467 8602
6330 1028 8069 9091 5436 5104 9977 4343 6716 6037 1960 5002 9238 6153 2595 8319 209 4862 3141 5055 958 378 1300 2865 320 9442 1978 2612 8984 5444 7565 5313 2823 5633 756 8258 736 732 8952 3804 3120 911 5157 2358 3416 4104 7028 3624 5317 168 5031 6274 6897 6330 5490 7216 2123 7467 9827 7459 9262 3743 2771 8436 9376 9878 6694 6463 6962 1997 6618 81 2908 1775 8790 6323 5878 5817 6298 7546 5984 1328 3820 2880 4009 5661 6448 6132 9480 2626 3590 8741 6369 2712 3529 2096 2590 6574 8558 5903
8570 5176 5983 1477 3302 4773 4151 5531 589 6801 3076 2925 4480 3247 2156 8489 8908 8603 4620 4739 7581 4561 9831 3949 7272 3359 6044 6213 9932 953 2115 8502 2480 8098 6330 5781 9222 6833 7663 6162 3633 7091 9086 8112 337 7594 6600 5596 2548 7571 334 128 2131 165 4076 9403 3523 6471 1967 9807 7424 4082 8308 6255 8531 4637 8388 7752 1469 6050 3913 1453 3140 9351 5917 9829 6944 2516 5424 5843 6439 2110 5971 8569 8626 6398 4323 8500 9221 2642 8306 2996 6723 6613 9250 5253 7602 7637 9356 5422
3687 3268 3227 3178 2618 9143 3006 5913 8010 4782 8108 4448 6891 430 9369 5516 3179 43 367 2399 2684 8673 5394 5758 1637 996 7362 5590 8632 6717 1012 8670 9985 590 8200 8954 9732 1205 1219 4093 5986 9326 8541 9228 6107 4261 1095 9285 655 1462 1684 3339 134 3429 5448 8122 4424 2810 3712 9408 9526 1075 4429 9510 1664 2628 4816 7747 3833 2386 1839 6170 1711 6731 1750 7817 991 2844 3453 1646 657 5136 1336 7142 4917 6783 5264 5692 9592 8975 5099 9118 6401 9528 4979 4416 2155 6146 2162 2339
8531 4000 4861 6593 7083 6610 761 8073 5805 4214 6070 6462 5701 3757 3603 617 540 5218 6309 6483 544 1407 1952 6944 7286 3283 7711 9441 9428 9872 8131 4311 224 2991 903 7306 5952 1664 1730 1757 2229 4152 4570 7929 7908 4524 8546 4799 9742 1206 1282 6637 8964 9585 3581 6250 2867 1291 2042 8647 7515 172 2957 7738 9515 3859 1395 5466 1874 9476 7222 4102 3627 1791 2031 1535 2667 6928 6333 2408 8133 3966 9044 7096 3551 8976 3345 6417 6619 1738 5063 485 1910 4371 4574 1424 8230 5968 6889 103
5443 463 557 9070 8605 2587 6956 1271 5866 9640 30 3998 3606 5426 7445 7156 753 790 9924 7371 8879 1339 7855 788 5709 8780 8563 290 4747 1804 393 6542 8618 7301 1963 7222 9887 8918 4845 5752 8557 4874 6101 8514 6651 3545 2021 7404 686 1945 1126 9565 9635 5333 6704 5343 4112 5267 5633 8859 3422 2377 1752 2039 9677 3714 9260 5915 8983 456 8018 3891 1682 470 8757 8332 4014 777 5735 4700 2721 3213 616 8707 8545 7319 4050 2656 8937 6034 7866 2358 4762 9617 4396 790 9682 8 3056 5016
463 7425 5259 2144 7894 4015 6828 8259 4791 8914 9310 3864 2126 9925 2570 670 3596 2971 3326 2532 5356 7543 1242 117 7160 5637 7258 3193 1996 313 8209 8811 4089 3467 954 1982 3833 4133 241 8623 3047 9550 8838 5172 5827 1408 5842 9422 730 5519 1953 6086 3061 3194 2554 6572 5183 9812 9765 3530 6476 4325 2340 565 4143 9646 8898 7975 3778 5490 2949 6824 5040 1787 1996 866 9546 4189 6639 6627 6059 8591 2712 9119 8137 1618 5691 9671 7781 1807 3200 608 6131 5540 7524 273 5185 6422 4599 5314
1911 7547 2138 3302 5685 485 519 1582 1025 7157 8209 7083 2100 7272 2553 236 8889 8243 6258 3021 49 9457 3629 2531 4996 1152 9155 6532 3925 3753 1846 2188 7652 335 1841 3336 7171 2360 4918 4547 5868 9478 1629 4319 6749 4181 906 1990 8776 7163 5010 5176 6620 4990 7707 7967 2494 6861 4499 6418 6966 2696 4957 4617 9382 6798 4304 2904 5509 9221 7450 7728 5050 9078 2047 1799 9610 2952 140 8385 6467 1501 9913 3086 6491 7619 7404 5336 831 8254 1753 4148 7301 3062 8764 6682 9859 3068 9585 1719
8640 3386 9446 42 8815 1492 8192 8425 796 8331 3161 3614 6183 3073 6699 2673 691 454 4360 7874 8708 2465 2021 6008 5526 7137 9042 5384 6556 4978 7102 5195 8364 2899 1588 7178 743 9779 5602 1538 8109 8763 5151 4292 8187 8201 3316 5230 8654 7676 3103 3713 140 1475 9721 5665 8611 8762 7400 5166 3739 853 6713 2102 3751 8300 5632 4493 8079 7585 2382 2539 2699 3884 3182 886 8436 2850 6115 3442 525 9217 7154 7016 7043 6874 9032 5654 1987 2783 7171 2078 3635 235 531 3737 4887 6162 4582 9317
3747 3315 8207 6445 7199 1389 7330 1986 4238 3444 5427 1114 9012 2581 8129 6055 5806 3512 8060 4145 6294 1582 6222 6280 8169 6752 16 9407 9266 4597 8723 9364 4264 3281 2160 1462 1021 9490 3447 5258 9285 5226 2723 4649 7806 7203 7055 9963 714 1466 4107 7007 3047 6680 3286 7567 3432 9654 6973 9049 602 2047 8412 4865 5328 571 2678 2700 6412 2477 7958 2049 7702 7032 6697 1859 4235 103 1821 1300 1568 2280 4659 966 8959 7944 4885 8742 3949 1857 4142 4551 256 8905 5767 1935 9476 8445 4634 2239
7273 8943 4287 1326 5975 7335 3184 209 3789 1356 7860 5356 9987 2518 2674 8946 6814 7558 4039 762 5766 8181 1664 6021 7085 7431 7955 2912 2227 8941 1503 5851 7883 2141 7176 209 5828 359 6769 9616 8066 4629 1324 8053 7146 3997 3350 3959 7906 3740 1073 3671 8272 2736 6044 5357 6518 350 4620 5096 9290 6122 946 3525 8263 8121 3733 442 4831 502 57 9249 5130 1380 3653 2275 1728 7002 2586 5985 7093 3658 6008 5365 6393 2051 7073 9263 2400 1692 4358 8042 4166 1656 1566 8780 6128 5298 9221 959
2151 9277 6559 7280 7009 211 5907 5088 3564 8492 7425 656 2149 3432 6020 4893 5482 3092 4155 4233 1136 4865 2274 5301 6520 191 4080 2647 1841 3300 9957 3991 8928 6515 1271 2288 3077 3529 7376 6640 8372 4800 3648 520 8231 9667 1764 64 9111 2271 648 246 7135 9274 5546 3654 9464 5977 2652 1304 5628 2609 1647 4555 5475 9269 6843 8552 2797 570 1543 1168 5369 5190 8039 9951 1209 9802 6366 319 8424 3365 564 5558 2638 2461 5563 8454 8437 8215 9757 4064 7175 7755 4970 9001 7023 1812 3904 6171
2381 1799 3690 4101 6988 1728 403 8196 7882 3120 4866 6305 6485 5429 8215 9122 4241 3777 7575 2677 8343 3684 3092 1869 7790 8062 870 4813 9873 1125 7335 8606 2923 1025 9058 9911 9104 5813 4458 6985 8932 9324 9642 1768 1104 7856 7242 5345 7984 1168 4373 6327 4851 7465 8195 8993 5526 5416 3805 1750 6541 7491 6707 9463 8515 2117 5725 7619 7929 6535 955 3212 2210 6948 4980 3313 4803 8573 5009 9139 9740 9382 5465 943 3198 11 9935 5075 5427 91 3176 8319 7581 9883 4133 2448 8351 9858 6418 6279
2744 7372 5842 4953 672 7173 8265 5474 5745 9626 964 5485 9007 6428 2779 2204 6439 2713 7278 8217 2803 453 6535 6735 6687 667 9182 5037 6876 5599 7667 9619 9323 9861 4571 9994 7033 9188 1819 9130 8813 2783 966 4171 5562 3744 2726 8352 2808 3 6568 1962 6807 9454 8696 9846 6473 7878 1234 9700 9828 5253 5671 5502 5113 6593 1847 8497 5780 18 3978 944 9152 1295 1466 4713 1390 4191 3065 4197 545 5984 6158 7352 1790 4854 3549 8262 9083 1134 4313 5262 6386 9983 764 7850 6576 8962 2699 8707
8979 3028 6003 8130 4323 7468 9195 5712 1659 8611 6261 2203 4594 2418 5906 6383 3623 9454 996 2705 588 5309 4319 3325 5291 5082 1175 8218 395 225 6925 9374 3252 2927 3855 3926 6746 3049 9638 8404 1659 5898 607 2605 4667 6512 5339 8290 2318 6335 7346 2905 7995 1664 2581 3285 3097 107 7855 3492 331 1131 9217 9935 4057 3071 3860 802 2472 9849 5558 482 2098 6164 3086 3117 9027 8425 1406 1344 4759 8751 600 2753 415 3181 2389 3511 9639 6595 3354 9970 7725 2570 6256 8133 5641 6467 5287 4464
6316 844 4945 4765 3359 8031 7881 2385 6455 9286 81 7565 4389 680 6669 4803 212 5409 4665 9851 2004 8019 6172 9728 588 8779 7861 2580 5245 3147 7043 1560 3990 1988 2677 7348 6370 557 6084 9176 6195 6164 6740 583 6844 9760 1737 3407 5168 2753 9609 7171 7123 2132 3251 7711 910 1111 6642 6155 609 37 4066 4598 8376 6742 8297 4745 3651 4380 3920 9845 6896 7011 6779 91 6770 4867 3497 1937 3971 9458 5460 1094 1589 8710 5156 2499 6172 1797 8653 6780 1833 2718 7729 208 5812 6025 4952 9462
6756 5223 5658 3651 2233 8788 93 5354 6 3590 3643 3976 9399 5454 5069 987 4163 224 3485 334 8373 8489 3465 205 7559 1193 6765 9722 3569 8068 9183 324 3291 1192 327 1875 9979 419 7229 9984 360 7223 311 9758 2676 5380 7097 3190 1955 6933 9875 327 1774 3339 532 9332 4531 3648 9053 8099 1715 4587 4774 5005 5778 1452 3232 2108 8223 6812 8443 4934 4034 8753 4692 6709 4132 8140 9898 2439 5072 6124 2765 6845 9462 9648 2528 344 3295 7932 8442 5010 2518 9567 6366 4647 7371 9597 3106 5593
2760 1548 526 6793 301 1569 9853 784 6060 6102 9574 1132 2225 2339 4328 1686 1986 6856 2029 1633 4787 6822 6642 3657 2741 9359 4655 111 5308 7761 2055 8067 5660 8932 4860 2312 6853 1064 9448 2912 7166 9021 4043 5742 1359 8371 3780 9697 1578 5808 7681 2716 8982 4322 2724 8074 32 7379 4536 5339 1491 6590 3406 3502 5521 8265 5814 2373 5680 5261 5285 2845 4281 5679 8587 1992 401 2366 8040 8330 4525 5720 1046 9858 41 3769 4283 6424 7499 8818 1763 8989 5407 5168 2491 7280 9784 4656 6004 5463
9916 7640 4660 548 3319 9598 2539 71 8315 578 8401 9191 6297 9446 5401 2689 9566 9683 9113 7065 8501 875 2405 3907 2394 1247 7538 8529 5902 3542 343 5817 1181 5002 2717 851 4599 5255 922 9265 5833 9322 8456 8481 5119 3856 1170 1036 3538 6634 8100 2038 3860 6857 2297 6253 8103 9834 1133 4005 3375 1475 6173 4556 6477 8889 5406 7427 496 2679 6692 2680 8352 1499 1160 3470 5354 8681 4506 5243 5314 8957 7281 9173 5813 5929 1777 268 5762 2909 624 5489 4384 3148 44 7212 8389 1801 4638 8884
4480 7681 1563 9183 9179 9074 2653 4532 7755 3510 9775 3068 8818 3407 2241 983 9335 369 7602 1448 3278 8225 6936 4013 1372 3331 1224 6112 1484 2213 4995 2315 9894 2909 1497 9072 8335 4149 9956 6089 4010 6082 9156 9180 5840 7748 6514 1526 8117 4115 2973 7746 2339 6261 1758 62 9591 2981 2526 1074 5193 3872 3388 1438 6781 4885 6862 1467 5385 6817 7555 5747 9250 3062 1278 5089 810 7791 6614 5278 1905 5938 3023 595 2198 1132 7008 8141 4112 9533 9214 5656 3405 8954 3446 6537 190 307 8003 5574
7123 5557 7672 2724 8618 8949 7812 5779 6739 777 7408 4995 3066 430 5589 5264 1561 8949 3404 2024 8481 8969 4032 1885 4274 3829 4773 4463 4135 2775 6389 7609 4683 4060 332 9653 9361 4495 1783 6099 5271 9191 7446 8336 5972 9386 9951 3885 8334 9706 2260 6815 5027 6291 5051 9300 119 9824 3763 605 8950 151 8213 9985 562 8544 9637 9922 3038 7771 2373 4660 6961 9818 9348 2933 9203 5650 6817 3889 5356 9076 703 382 1719 2105 6033 8189 1928 6147 8794 7230 6297 7006 7214 3211 1902 3202 3132 1291
972 1856 2303 7933 8025 1650 7217 3580 7299 385 7468 9006 9460 4522 5739 7530 6626 1772 2071 4906 4270 864 2135 6919 4221 5700 129 2474 5253 9612 3765 6224 1468 2419 508 9492 4068 4076 3071 7718 4460 6890 3076 272 1411 8814 7801 8037 6937 9871 2942 1207 7086 1428 8125 1307 7127 8253 132 2379 4216 248 4954 5683 2666 5462 1527 6733 9537 949 803 349 7839 3878 620 9249 9043 8420 7285 5980 4643 6578 3538 1728 8005 8014 9386 5131 6266 9518 3861 6833 9765 8815 2516 8783 628 394 1867 6516
1342 2669 6864 9180 2898 7483 8429 1941 2255 2065 4272 6897 8643 7809 4976 6647 5822 4362 8130 8439 231 1990 5271 6347 7156 4138 5129 4135 4531 6996 7003 5873 6016 3866 5052 8914 7701 9832 7206 6307 1897 1477 9555 539 5637 4530 7185 7810 5243 5314 6248 5473 3656 7870 8172 7163 8360 3300 1298 9242 6647 8300 5114 2663 8517 6518 1576 6217 2701 8781 8875 4597 6609 8429 1487 2245 9311 8672 54 4553 337 2653 6378 344 6874 4549 7507 1585 4200 8804 827 847 3455 2292 3509 1971 5161 1436 4540 7862
6568 3414 8810 3176 8195 297 1772 7505 5320 8177 8409 2008 7181 4786 8704 4054 5686 6210 1991 9886 1365 2817 732 4819 1460 592 6789 6621 2027 1328 834 4946 1094 9643 8121 9288 6291 6244 6792 7962 4420 5200 6322 1600 6338 5025 2005 2023 1234 3995 1908 8950 3163 2639 3768 4623 9582 556 1243 1608 8236 8428 6553 9329 4422 1025 8616 713 3620 1759 5026 4391 6958 7699 5990 9647 2723 4347 1670 308 4693 3577 9257 7856 2568 9376 8830 2149 9932 6424 109 4519 4851 3013 3847 9272 390 2462 6336 4009
572 7714 8400 7529 5412 741 3528 4487 1439 5197 4794 2484 5125 403 339 7692 9778 5520 6193 6061 1943 2653 579 6793 5665 4425 6064 2406 3238 8752 6415 3809 6465 1166 7690 1876 8258 1217 6362 6049 2765 7508 8532 7889 4262 5222 1933 4039 741 8125 6452 2683 7129 3382 5827 2793 4159 8242 5199 7396 6993 7965 7557 3457 5482 1598 1685 91 9166 8046 6139 1930 1905 1022 9818 6166 6243 8102 6557 3335 2578 3008 6017 9706 6389 8195 2499 547 6437 4049 4295 3429 8365 8203 6886 3846 9800 8570 288 8965
2967 6427 7246 4872 7448 3415 1037 43 1517 7593 3377 4094 6952 5746 3800 9693 3940 2650 239 376 6698 885 157 1414 5439 3394 5259 1590 8315 5546 6906 1281 8324 4151 2504 2124 7566 3541 2166 5434 7485 1894 9527 4437 7639 9678 4129 7931 2327 719 4658 5376 7956 4814 6789 3394 8207 8399 4984 6521 3945 1889 4154 8620 2392 6657 743 6309 6549 9260 1742 4034 1154 1268 4822 5144 7298 8950 9426 9624 6020 4084 1352 327 5249 8140 3721 9808 6539 5056 2680 6835 3296 6833 1806 5687 9842 8901 1995 6390
8160 88 6775 5665 1356 1596 7161 5005 6897 6586 4628 9269 7021 2331 9595 8622 471 3315 8429 3361 4722 1108 6547 8018 4293 8352 56 486 7252 8403 3227 1764 8490 2 7428 6197 7949 940 1201 4846 7526 2181 4114 898 4511 60 9519 1333 3375 7947 1045 4448 5407 7591 8817 6051 2295 8873 2888 5898 3627 6114 4013 2116 6115 7793 8313 4064 8732 5865 5261 2609 8045 5726 3507 8908 5785 9377 240 5511 7324 7637 9959 9082 1579 5127 1484 3873 3999 4371 6123 3977 484 135 6093 2951 4279 757 3366 3011
6621 8626 1971 1018 703 5477 6277 6487 4854 2868 8350 8529 504 4660 3962 2083 9786 5445 2307 137 6167 8429 4113 6650 4916 205 5952 9194 7313 9317 8556 286 4294 527 1303 4996 2355 3931 7835 3560 6798 6184 2088 7302 843 2401 5736 6980 7845 8042 7116 363 2823 1229 7013 4090 7785 2964 9635 5098 8633 8191 5383 2926 5069 3037 7922 7423 3319 2108 983 116 8291 9422 3769 5485 1823 9504 2464 6019 3898 5932 6382 6720 7160 9746 7161 1296 2709 6795 2745 1341 1337 4479 4267 6405 3867 8540 180 7185
647 1162 7301 5289 6935 7421 7125 8757 6925 9588 4776 7174 1871 1157 245 5382 7254 7405 6678 9962 4199 9422 7655 1888 3901 8273 4644 4119 3164 4823 1304 3810 2336 4956 5450 9271 2376 2574 8027 9300 8513 9154 2825 384 6662 3069 5765 3915 473 8794 229 1024 4568 7883 2911 4820 2507 7554 8938 5670 8729 241 5831 1064 5196 1280 334 7572 3853 8361 3223 2365 3866 6048 2748 528 9116 4865 4442 5941 3658 4670 6964 8225 8904 6226 3044 1410 131 1982 7079 8859 8574 9261 6275 3770 540 6608 7693 4392
1320 915 3109 5186 6962 2208 5713 2430 7072 154 8370 7082 1176 1685 5306 79 4262 4702 7841 744 3035 1271 5955 7960 532 2229 1729 1071 8836 9421 1815 156 6688 4923 1693 1 7130 7405 2430 554 3910 7151 7635 1437 5187 9292 1516 9448 345 9356 192 3379 626 6146 1339 1157 8374 9419 8580 3561 5192 6746 68 8231 1668 1760 8231 5149 5516 7013 5702 9426 515 9688 7214 5702 8980 8729 1501 9324 4436 1692 9055 1414 4189 6745 8922 8914 2515 7501 8827 4058 4246 8894 2288 2265 654 519 3766 2521
3883 5819 8298 4397 5507 5512 98 838 4240 7951 6513 5028 9642 1919 6441 183 8663 5362 5448 7530 9215 4274 1587 9812 3168 227 2077 173 745 2194 2693 979 8012 991 5375 3518 2854 1825 4355 7093 9775 7220 8472 5768 9138 4912 2302 4153 6626 7750 1682 5840 2023 9620 5651 1542 9846 4079 1714 6942 2624 759 4272 636 8101 9647 505 954 7823 1212 4398 3949 8431 2870 6068 7568 4133 8370 1720 758 2471 9753 2949 845 5725 4952 2387 5570 5382 452 8864 8006 1210 3135 8641 5662 9133 9145 6615 3307
6708 7365 7255 5138 6586 9675 2706 718 4396 777 7828 6866 6882 776 7710 2606 5727 6448 4527 7461 6900 3390 5466 4461 2877 458 123 8361 5954 3089 1668 2662 6805 8922 7799 3390 4948 6856 4108 9343 3985 8287 6208 866 9062 270 3471 1141 6717 7997 4953 3616 7739 418 4429 6967 875 4551 5327 6828 3991 6994 5841 796 2268 3640 537 7215 6847 996 6558 831 9282 9117 1696 4696 9386 1518 2188 6103 5867 7140 6070 9957 7557 498 6923 4783 1400 8601 7962 5391 5595 3803 2538 4214 3794 3074 1428 640
4070 4337 7823 3351 3454 9518 4398 9191 7388 6585 5293 3254 3724 7715 9562 1280 4564 6484 2414 5964 1436 376 7706 7030 530 243 7595 4323 9668 5375 1314 89 9711 9136 9792 9516 5006 4189 8707 8745 774 351 8350 4497 8065 7911 2129 2629 746 4542 4944 2181 1269 2649 5563 1798 9243 3157 2472 5262 8531 138 5351 8242 5625 5142 4109 630 9330 2815 5726 6455 9518 4075 952 7582 1985 9432 6562 9082 3973 7857 1263 1594 505 6825 9743 6099 9981 8567 1361 8512 8704 6711 3105 4328 1852 7213 1310 7533
6380 7035 3988 5897 7462 1291 9830 9446 722 6392 4880 1046 4248 6142 2639 1105 9318 8734 7203 9298 7300 4915 4161 2355 1625 3617 6682 9828 830 4343 3713 7209 7730 4052 9457 5191 5342 9286 988 2415 2029 5867 3460 2629 8360 2451 3733 7677 7536 7287 6975 4835 2202 7487 7189 178 1104 222 6 1933 4565 70 5493 8646 4121 4949 3836 9462 586 1175 1876 2615 7042 1687 5243 5401 489 5327 3078 8024 2613 6404 2858 1166 3890 6398 1344 1345 6620 7701 9629 7536 7770 5121 2533 8242 6421 6368 7703 7007
3894 5930 5973 935 3968 1215 2688 4457 2893 2117 2480 1857 4872 1690 3023 5113 8087 718 6458 1058 4770 6086 4945 8891 7559 7477 7132 3979 196 1186 7337 4090 3467 3309 1376 7434 875 415 1890 3767 2531 722 5624 7402 8763 4998 8867 6849 5715 5324 4259 6836 1409 5555 5726 8967 9384 2857 9298 5931 4042 2986 20 7508 2647 7748 4941 9873 8162 3183 9992 7045 256 1967 798 9018 6964 9664 2218 9030 4987 2828 5865 2748 8383 1590 8066 4118 4446 3715 48 4839 6701 6420 2346 9347 519 3638 5571 8680
3172 5562 2076 9779 7528 2874 8796 843 2537 7366 9872 3876 193 2088 6623 4927 3677 1040 9044 4474 4755 5444 9312 1455 1863 8009 7153 2381 7999 2723 7412 7522 4637 9488 7301 2164 2361 6096 3007 1249 3461 9230 5124 6 1318 8098 4932 1346 9138 328 5820 3892 5771 1483 1698 3985 5844 8850 2717 3842 7924 128 1363 2560 5967 5015 1076 4679 1111 434 5928 923 9663 1051 7280 980 9149 8564 2326 8286 8891 4497 2177 1013 2331 3874 1349 8174 9075 4065 8367 3350 544 6082 2262 2863 1096 9689 7541 8558
122 3468 5833 9784 4519 3112 7116 19 1675 9441 8304 6917 289 6832 4281 2619 7057 5629 7145 2483 6045 1863 2184 2941 7944 4445 5803 5392 4133 3343 3949 4254 6811 9781 390 7681 2893 7505 4051 919 3297 8706 4188 3585 1889 8468 2555 8945 449 9699 7779 2845 1562 9962 5785 5857 4407 7939 1248 4891 1282 5197 5497 4444 1329 5886 8476 573 3390 2526 1492 6686 7583 5679 6622 9471 498 9176 8415 946 8875 2545 143 6788 2506 5927 2644 3264 218 244 8155 7851 5440 3651 8646 6768 5888 7121 3693 9277
5998 5184 2314 3580 7214 8935 3050 4063 8110 7816 5009 3336 6712 1503 123 9217 7429 9119 2481 7646 9362 6987 1848 1153 6989 493 4272 2876 7613 7964 8504 9962 9499 817 9893 3064 9751 9294 7127 7860 3461 8487 1196 172 9989 7670 9389 3769 3140 8221 7767 8853 1559 9614 6357 8547 107 629 7774 4071 4944 6277 4033 795 7093 277 3858 6843 9571 984 4702 3031 9470 2249 3203 9458 9919 8943 3227 9410 3515 7345 8263 5073 6958 4619 9971 7064 1599 7744 1135 2895 4020 1519 3689 7464 1795 7546 4306 1365
4882 5359 748 4351 3960 302 161 230 5596 9739 9639 9110 7083 7901 534 392 8872 504 7456 470 4599 4942 9716 8618 6460 3404 2433 4606 7302 6738 5971 2183 8448 3070 2885 2407 3371 9397 2636 5318 5487 8627 4427 2569 2879 4960 9313 1750 1815 6768 8572 6413 8061 8287 1382 4520 8043 3814 9125 5344 6903 1447 3878 1702 868 6762 461 590 2511 9448 5907 7997 8074 333 6918 953 1644 6230 9054 9810 9349 7625 6222 7409 2264 3955 8280 306 4120 3756 2001 1022 5203 5878 9076 2422 8991 9536 3012 7853
8983 8918 5850 7057 5603 2767 4361 3598 5348 9766 3408 4696 3743 5981 2104 6006 9936 383 2663 4055 4138 1015 1429 5692 3244 504 8114 2234 39 7477 87 9021 6394 2288 2429 1996 1406 3141 5594 6753 2907 9001 1448 6649 1333 9903 9006 1268 6637 1668 1675 7126 9034 3103 2818 2277 3606 7283 4510 9996 4759 948 5368 7504 9587 4149 9500 992 7289 1445 7744 6547 6797 5543 3195 8129 5445 8552 5749 2081 6571 7423 9207 5604 6877 8376 7880 6834 2010 8742 6829 3120 6041 2196 6975 5628 2696 6474 6619 9985
4270 715 2883 1066 6257 2430 5547 1702 981 7647 134 7552 5069 5692 3155 1945 419 1035 5130 8780 9776 1958 8251 5816 505 5226 7795 3201 1699 766 9537 2321 1480 2419 9738 7736 4848 1636 5789 5829 9282 2275 9732 4350 4318 2886 2646 4737 272 7775 3516 6399 6084 1767 8567 6589 6992 6361 6141 5042 7126 5677 3714 8605 4447 3452 2693 9295 5087 4833 1475 4369 7107 1206 5070 1425 443 4068 2513 715 1842 2380 3465 7926 498 2031 866 7489 4744 7006 8883 1869 9034 8948 6826 3480 2399 5870 9126 3838
702 600 4558 4161 8157 9627 5585 8600 3694 4449 5666 1888 6828 9130 6165 7326 7513 3382 1166 2256 387 6400 4124 5772 5348 7301 9251 4098 3170 8377 7935 3872 5328 2492 8032 3485 2119 9968 8436 2164 768 453 4051 7595 5934 6567 1272 3446 9948 2438 2053 6686 5189 2529 2457 536 9829 8060 4634 9351 2788 2568 9574 8115 1412 7605 7951 9882 3924 2738 2045 1043 9542 2448 8637 5476 9014 6261 5273 5314 8698 3678 1999 3886 6206 4456 774 2386 8867 5407 1736 1654 4326 1309 9768 5737 5265 4071 5618 5540
3160 4015 6582 2702 6462 5219 4529 1827 1479 9801 7140 6528 9830 5491 6765 6035 9946 7538 8421 5164 9296 156 6817 3622 1465 2936 5710 3081 7006 7680 8621 166 1694 5202 2867 4507 6772 3747 6333 4602 3547 9825 1129 3377 5315 4246 5763 1612 1783 4183 6775 7431 691 3591 7404 8507 2878 3113 1587 9884 792 207 6401 8837 5409 5619 3343 2180 9365 6028 6782 9263 2204 4262 8991 7518 8507 4754 5481 6642 5288 2255 424 5978 2197 7827 836 5074 7291 2423 1309 4435 8981 7709 3271 4389 9679 2966 2921 9043
8993 6054 4658 1196 315 3648 5065 5174 4753 545 8167 41 9151 8590 2370 7699 2768 3206 9124 58 1980 433 4492 960 4493 4115 1701 524 7080 4621 9566 2424 7026 4223 9971 3692 4223 1387 8865 8975 1931 3383 9015 7433 8324 7737 5131 1091 7294 606 1149 9273 7390 1992 232 1883 6106 8284 2406 9537 2904 8323 1960 6281 8898 8282 9973 3120 9668 5189 2094 7950 8572 1109 5382 3247 5197 6864 4338 2490 7470 1838 1762 4859 3829 8345 3093 6287 6629 1850 5823 5884 173 7783 2165 5422 2416 8489 8541 2084
3677 634 33 8600 8094 5415 1847 3290 8630 6184 5779 6099 4373 3892 7310 8201 8589 6754 4487 5217 8604 6662 7452 5128 4444 5968 549 6859 4456 9089 5294 4485 6074 5327 3084 520 7093 4930 3809 5722 7465 5940 8173 1837 6183 5482 6390 4771 2235 7228 9987 7190 3889 3791 2317 4684 6110 9217 7895 566 4657 3188 1402 731 8514 4485 7602 5606 5767 1410 1328 9583 3701 9500 7772 9884 1333 4161 4654 9919 7740 993 3461 1629 1135 2129 6312 7244 1346 4206 4161 6002 7394 5562 3084 2259 6399 685 7865 2165
8447 5544 8099 8499 1395 5870 8382 9079 6382 9388 8997 4122 6732 2457 5750 7866 938 8413 5109 2283 8971 9270 4636 2716 1183 4072 4974 7581 1108 9190 6097 9554 4733 4196 4405 2479 6417 2786 1557 2799 8525 554 3272 5256 9362 5373 3121 299 3785 4582 8933 9107 3851 3569 1822 5033 3992 6796 8966 5099 5985 5062 1005 7070 9257 5409 9548 5674 4546 1105 4824 3071 8010 4447 8326 3723 9819 7799 4022 9955 2380 9306 9062 2582 2874 883 3966 3217 4030 2931 8316 15 7993 9320 7084 3601 4728 2983 5626 9273
4087 6801 8695 2096 1247 3373 5819 1065 1171 6192 7372 9902 5497 6433 8835 4723 3667 2800 7939 7697 2083 2606 4063 6427 1925 7498 27 3004 480 5653 8629 919 2453 7323 9366 52 695 1536 1116 8217 7727 4839 8118 9576 7623 3304 650 1290 2456 4940 5338 4538 3898 9400 964 5822 3249 990 5178 80 2994 3806 998 1799 7480 364 1850 8175 1899 9317 2743 5978 4156 861 1905 1778 516 8906 9419 2971 3845 1108 7508 7742 6859 4823 9916 107 2165 1445 187 5158 5250 1184 6956 9081 7899 5157 7255 6150
4474 9998 2127 4981 7210 383 3110 4077 9288 2529 7048 9484 9988 907 3578 6847 5730 9845 6953 7894 1289 7139 9403 2890 4675 2711 1970 2573 7867 5577 8722 8692 1926 7200 3672 9135 3934 3134 9563 3221 2014 6610 9057 2001 7517 8986 8847 9598 8830 5800 7491 6470 9290 6893 5711 316 9603 4032 9241 3822 9608 4314 2513 1533 1514 2537 7019 5447 5670 6582 5020 4035 9543 428 6035 3411 9413 4882 3008 4594 7033 498 1063 2674 3743 3125 2990 9697 7156 2230 9870 6764 2895 8735 4648 4408 1271 8019 6207 3292
952 7578 7326 6846 8005 9712 257 3769 945 3264 8362 4329 114 5776 7003 3856 8900 6344 9904 2407 4925 9774 5522 7819 8508 170 8579 6130 4540 4785 5773 1843 8714 9450 8688 3070 9161 8944 6838 6458 8560 1551 786 8673 3678 7788 8880 8929 483 5135 1335 5407 4908 6857 9578 9767 3378 8156 2248 4269 9292 4372 6111 8005 3821 1150 7426 9334 6446 615 5791 5005 8517 2928 3677 2194 7068 8908 1122 7550 4042 8808 9309 5302 5664 8886 1420 9041 7041 3668 3309 2684 8039 5771 688 8212 6921 4465 7545 3366
5079 9687 4722 3595 2614 8398 2140 6033 3657 3261 3583 7698 8420 2891 2999 4084 8128 771 9476 1520 4438 9137 4203 8828 4907 1242 3391 8179 5706 7287 1544 784 6973 2617 730 5939 1014 2869 1971 4670 2481 1905 8720 900 1147 8070 1335 9274 8840 811 793 9629 9947 4995 8457 1205 6236 8199 9384 1941 5486 7279 9076 8810 9896 6157 1100 909 5377 3071 1931 4209 1327 7002 1461 2474 5071 2795 1747 3911 9957 8892 3539 9903 3886 8347 1108 6474 2898 491 4766 8383 7769 3842 7192 4016 6350 8292 4925 1727
7714 3207 5935 9040 6560 7395 7865 1630 6542 9612 1892 6498 8503 1783 2753 8740 6481 3860 5213 9378 702 9979 4112 4822 172 1304 8838 6521 5947 114 4599 12 9672 6886 5403 6231 4280 3268 4212 7173 2879 2456 3671 7733 4238 6423 2824 7070 6634 4389 6448 3687 4367 6911 8508 890 8214 3697 3762 512 3810 8361 523 3481 5246 2278 6063 5877 5545 275 3050 4775 9082 3072 8859 3319 5846 1682 6740 8831 6070 9539 2517 6788 6450 1024 4029 4663 4721 7791 1527 4882 6151 8401 8363 7748 678 777 3624 6222
7403 3025 7348 6484 2448 6206 6154 8293 7888 2894 7123 309 2432 9639 3449 8881 7015 7477 9896 8087 1619 7774 2968 4121 2526 7682 1868 3204 8459 1844 5777 2213 1220 3125 8697 3668 9330 1202 1960 3569 4095 9083 230 2879 5073 3678 8111 2087 7506 4358 6525 9125 2131 9493 9597 4657 7174 1465 4212 1984 9660 6340 4197 879 9464 2893 4546 5146 446 2858 5066 893 8292 5295 3771 3364 5324 8233 1803 2830 2591 8327 8306 1073 7819 4254 2081 1345 2070 2644 3328 1729 8984 7524 8960 8447 6768 3505 9944 3566
6362 5010 4458 4653 304 8228 4369 5628 2812 2523 4809 1754 849 9466 2827 5020 3719 1259 2716 5789 3903 6043 3869 9238 9919 2828 4036 3038 2685 3980 6603 9046 8989 1060 51 9292 5639 771 1271 4803 3293 2431 6556 4141 1896 9382 5512 1967 6993 8227 4107 7247 622 4327 6484 6892 7155 519 6281 9839 4498 2884 5236 9838 295 1638 5482 2286 2408 6752 7088 5700 5535 3643 6193 3782 9377 8056 5748 2721 2635 6206 9967 9608 533 2802 6499 4039 3320 2779 229 4170 2014 5464 4007 8661 3454 5840 946 2213
2592 4385 4265 4478 8027 457 8259 3755 4864 4007 6475 7498 6564 2793 7105 7096 5594 9955 1134 5266 9086 1362 5787 1099 3178 6145 9759 2983 1985 7056 5195 928 1440 9459 5405 5819 6267 3663 9573 1131 4021 2400 4980 585 1544 8437 4032 7138 4743 1518 8755 3828 2879 4541 4927 2408 7037 1037 5390 9021 4445 6937 9948 5884 6395 1704 8054 9014 5367 3979 6496 5739 6378 7827 2675 7921 6263 6707 1410 1006 8224 164 1185 7454 1056 6111 6214 8093 3500 1603 3465 7944 4891 9765 179 1286 1468 8233 6651 3186
2211 3146 8925 4940 972 7951 9212 3587 4657 622 944 9232 7137 2128 6686 4545 4591 2899 8989 4442 853 8805 2385 5744 8569 2563 3381 6389 7147 31 5926 9357 9528 1202 4296 6851 9153 9860 437 3809 481 7732 3041 3969 9860 6078 8513 802 8976 3853 5243 6180 2658 3979 1923 1226 2893 1655 3966 40 8037 9892 5748 7564 1093 6396 4415 245 6255 1203 4054 6735 8935 3446 7055 5146 9523 5568 5947 4850 9420 7541 1029 8429 1519 9304 9655 4411 7310 9972 4450 5347 9863 6550 9262 956 2945 3676 1200 9199
1231 1605 5933 165 5050 9339 1662 924 4906 7608 5773 678 1500 3154 9106 3018 2457 5112 7428 9766 1436 8230 1464 1298 4779 726 8605 7723 753 9805 3273 1983 7761 5557 8499 9163 4895 6512 86 6153 471 2211 6830 1970 5364 2287 4987 4172 3751 8767 289 5186 3348 1753 2835 8126 8830 1440 2200 9582 7596 1824 7917 5356 7380 2767 870 2274 9279 7308 8426 9749 9518 1607 1719 1233 246 3057 1756 348 1823 8396 1885 5170 6500 4719 9647 5329 6158 8198 1263 3753 21 9179 5461 3752 8297 2682 6026 3927
9989 803 28 5858 8762 1746 3442 9007 1154 5197 5706 2977 3593 7590 4498 92 2308 497 1773 4818 5046 3035 4922 1419 8565 6734 5170 6861 9416 7547 7140 9404 4702 7167 5262 3463 5264 8703 8821 6417 252 4526 5745 196 2115 6595 287 774 7091 8411 5591 8488 1445 6865 6258 6361 3598 1428 9574 3013 5326 6713 2417 6379 3879 4030 6193 9142 9084 5013 1910 9335 5890 7655 9530 4356 4249 6169 5130 7691 4579 7072 2530 2376 288 8788 8736 3886 6567 8309 3250 1892 1373 5666 4623 5251 6047 815 744 5131
2180 2654 817 8069 6660 347 2425 908 2867 3906 4950 3797 977 7479 2524 7617 6266 1260 1502 2832 5920 4751 1076 7293 6769 5698 8895 2815 2864 9639 4297 5043 8644 5114 3112 5303 1812 5536 2562 1030 5793 7511 4826 3121 1341 7350 737 7607 4961 2238 6790 7232 3341 4217 876 109 9914 9771 9275 2778 5761 9924 7820 756 5037 7283 6058 3200 9170 4971 4229 4962 2481 5406 8083 173 9107 8819 7779 419 7409 921 7651 749 5137 4878 857 1403 4648 6483 4180 6760 6406 8351 7515 7794 1986 9924 7345 1155
1246 7925 2469 3726 3331 551 251 8789 9369 8029 9208 6777 5301 3210 3877 438 8087 1085 1840 9087 7568 2371 2198 325 7073 6065 4471 9058 2340 8167 6565 3586 6092 9033 3663 5774 9583 3913 4562 5303 8294 121 8432 3594 9682 8660 383 4121 9745 2222 3207 3664 944 1756 340 8017 7820 4810 3426 6512 2977 6342 97 9068 5374 3759 1193 1308 4024 2106 2963 2317 2227 7746 2262 8260 6405 2645 2380 6149 4866 1938 6164 2162 3694 6504 178 7865 1313 9955 4376 641 6297 824 6060 8022 4583 7252 9330 4958
9358 8644 7274 7936 6389 9535 6195 9145 2179 8575 1646 3397 512 7809 5558 557 4312 2087 8422 1977 8393 9149 2617 1041 9973 8677 9063 907 2280 4744 5864 7989 3387 9489 5924 6127 9023 2119 1623 7554 7045 3268 7302 7556 1077 2859 4465 1740 1297 9238 3716 9689 8386 6333 730 4710 1361 6144 5616 9992 887 7831 7981 625 7319 3904 3103 2694 2374 4725 6599 9418 4345 3900 3326 5421 3110 7790 7160 4406 7027 876 446 1764 3560 7527 6474 1272 22 8441 1263 7260 2624 9243 4236 9942 9499 7338 8987 1872
8415 1937 1290 2759 5836 967 4531 5297 8756 1690 6054 2134 8917 6500 3897 8828 378 6722 99 400 5163 7714 7659 7786 3308 1895 4079 9158 5584 9418 1030 350 1354 8671 3108 3542 9637 3990 8838 4744 2032 4892 6877 948 7743 7125 6128 8120 3847 2578 4871 9009 291 8882 3146 9951 776 7224 9108 2711 2993 6489 3061 4347 1511 2520 4240 1147 6510 3077 2242 8541 4320 5470 5840 2062 2595 1967 6534 6441 4545 1404 1801 1187 285 4946 1137 7412 8521 6597 123 7866 3085 9535 8564 4596 2054 2803 2094 4915
5879 4336 3455 199 6157 9295 8612 8751 7613 5145 1543 2157 6549 3343 9696 3185 4640 7184 597 9513 3780 7071 3730 6865 6605 2293 1460 8658 5095 9905 3573 973 592 3379 7523 6749 9025 6135 5499 6638 7631 3394 5146 4179 3088 1193 3716 4080 8377 4312 3592 2156 1382 7321 9020 7986 5965 6831 2995 1059 6736 2919 8383 3679 2650 2258 427 1674 8392 5926 4663 2374 9319 6161 6553 2406 7353 268 6485 5729 931 6428 4237 8664 100 3256 6649 6064 6439 5995 3474 9526 5266 1857 3204 7915 4114 3631 5940 8857
5908 6955 1230 1578 3115 4134 335 6819 753 3172 2548 8035 5951 6784 6698 2403 6391 9698 4818 9181 5693 8292 8706 7310 6500 8262 1576 613 1892 7515 5821 4151 4469 3402 2080 3935 3888 2414 754 992 1937 3301 9027 7888 6436 5724 290 9178 5422 5107 8359 7466 9750 7064 1127 6249 1677 2702 3213 9920 6568 5385 4070 1037 8787 6149 4971 9026 4915 2076 17 6851 1728 9043 4738 8163 4767 1379 7341 6540 2838 2051 357 8939 5466 1483 5188 7143 4184 4752 7062 751 137 7484 8139 5275 3632 9462 4300 4898
1537 4316 1749 3265 3359 2838 7779 4477 569 1471 7368 9758 3521 7724 8696 8987 5558 3883 2481 9741 4987 9542 6843 5123 7025 1334 6749 7009 7147 1048 1906 8683 1715 6 8299 5073 9196 6078 5901 9764 3900 3268 9521 7421 7343 8216 2759 2900 8451 5239 8992 3437 1132 5835 4911 8157 3520 1659 1517 666 9058 9774 5700 772 9780 3999 2197 8975 6428 8097 5090 327 7717 962 4099 5059 5529 6857 7959 3979 8447 6950 3767 9579 9136 5029 4087 9007 6687 5603 9672 2096 5376 5372 2868 1507 5722 5064 6833 2149
9512 1922 8827 7228 2883 2926 8639 8412 6134 6597 8742 933 9898 8861 511 5386 3889 949 744 6928 2903 416 9023 8278 2139 8242 6137 7860 3305 2969 6360 2817 4891 1538 6396 4125 4463 5034 8888 6949 7982 7630 7881 7880 2842 4743 9617 6730 2043 360 9 4945 7127 9032 9574 5617 7273 5710 3476 6930 8679 6187 9746 3569 7725 2493 7693 8539 7527 2933 5487 5508 562 9719 9739 3403 813 5707 6484 2855 6067 6493 4151 9545 1876 3725 5162 5500 9434 4989 2429 8112 1176 8526 8032 5252 1019 2077 3790 8545
5009 5629 404 1922 1699 143 1676 8864 5849 4511 8070 8267 1003 2221 4164 9230 2297 9325 4730 1730 4313 7158 6194 1840 5684 577 3443 3054 2653 3585 1598 4013 5565 8353 5934 7263 4847 7609 2478 7048 2120 548 5314 9474 9120 9477 8704 1416 5153 3433 9497 5818 590 2042 7657 2625 2619 1100 5678 5271 4684 3627 9284 6600 1980 1569 3862 3178 5530 2692 225 4001 3239 1891 3474 8710 7719 8529 6477 2872 8313 5973 8689 5255 8015 2697 7879 633 148 9909 2255 4831 3535 7890 1430 1866 9459 1644 5044 1340
4335 1620 5340 3925 3510 5165 8986 1229 3694 5462 4100 8358 1434 9140 3612 5800 1836 7843 2784 1984 7751 1391 3166 7637 9280 948 5855 5090 8943 7250 6429 9629 8869 1768 9905 2379 3285 8890 9959 3330 4351 410 1687 2136 9549 5299 4288 7736 9493 3423 9719 7243 4813 9237 1231 4093 184 7085 5534 5478 686 1963 5106 9555 82 1362 8285 3366 251 8243 6695 953 8652 8382 9440 4552 32 79 2287 9524 3502 2006 3118 8314 7594 4348 8758 7777 7785 4292 9606 8470 6254 4711 4376 6335 2424 2660 6053 2674
7254 2747 9978 2257 7480 9417 6808 7511 5848 9095 7034 9349 7452 6503 7662 5045 851 2772 9173 4987 7063 8778 9808 9668 9840 4184 6002 2263 3195 8406 1288 449 1153 1265 2705 8632 7033 9513 2495 2880 4959 5880 2228 2410 2383 6242 7454 9585 9013 2978 4571 2427 1755 4378 2094 7946 4913 4447 208 8108 2853 1495 4908 4005 9111 3964 8988 6143 9828 1482 9023 4786 7362 7602 7195 6096 195 1000 5680 5559 329 250 7985 2083 979 6430 28 5892 877 6587 3999 3729 4433 5258 4085 3543 9221 9424 6038 9049
7258 1412 3834 971 9013 7381 7066 5560 4732 2745 1118 5061 2994 5455 3495 3972 1884 9875 6215 2760 6461 6565 2840 7246 1822 6924 788 1043 2700 3177 91 9957 4588 276 927 9953 4008 4344 5512 8740 7088 6629 152 6433 8435 3646 6756 319 3520 2971 3078 6333 9535 5918 9930 1357 9193 7069 2399 8244 246 8841 4552 4833 5468 5478 4785 9476 6173 296 8215 3260 3277 8366 9692 1711 8363 6448 8381 8235 9418 1459 919 5304 3728 848 6660 9272 7916 5410 3868 4513 602 8419 9346 6070 249 482 5545 6421
7130 111 9681 6758 4828 5724 8468 3190 2171 3201 7776 7940 4659 8694 3244 4738 5893 6255 361 161 8017 4228 4673 8618 8999 4018 4687 9247 852 6583 5667 7981 6693 1699 4738 1520 7423 9557 4710 5945 2757 8837 237 3767 7531 9832 4856 9775 6086 5217 9935 4102 5796 4608 9072 4794 4977 3758 392 5828 341 2411 3808 7033 4109 8545 4905 7883 4454 9614 180 7210 8450 416 977 2332 247 5832 2107 6332 7400 2041 6786 3196 3000 5857 4341 7977 5966 4733 3804 2658 3495 3964 6043 7603 8860 947 1838 3313
6912 2017 523 5361 2432 7851 4045 2678 3682 2503 5361 7434 895 8498 629 3895 706 1321 1871 6672 2405 2026 9329 5899 2341 1723 9854 1201 2669 1691 4513 9580 59 1387 1293 2490 9237 1689 1519 9271 4191 3231 6704 5085 8081 3684 8979 8786 5004 7201 5457 7409 5579 1138 9659 7919 2860 9512 9119 1881 7554 9984 1460 7612 1370 9104 6453 607 792 4323 9877 4982 3906 2932 6419 1986 6615 5397 771 1618 8950 2580 5378 4528 69 5037 2446 9280 900 7917 1160 4806 7900 8972 2417 9269 8075 5222 6227 5219
5896 2455 200 9801 5386 6618 8138 2000 8367 8909 9970 7316 7840 1699 8195 7908 3087 6992 7187 3987 4908 4699 8792 2807 3670 7560 8428 1744 9133 4654 3314 5029 3461 3514 4829 8846 6483 2967 7198 1201 8227 3519 8516 2418 5217 3062 325 4656 54 3863 8642 4961 8561 3785 4120 8582 7696 2547 6678 6829 3552 9991 1857 7012 9856 3037 2210 6339 2355 9407 7539 6933 9277 2407 9350 845 1820 6026 5500 1873 6241 493 6834 1153 629 7305 9735 8325 9851 6412 1505 3402 2754 9713 414 2610 2749 8975 8948 1456
8381 2838 4740 4009 1596 442 4853 3416 6467 6705 1640 9059 7197 4825 212 7826 2129 6298 2502 1979 9061 4006 1733 1814 3718 8498 4423 2818 7472 9722 625 2204 8912 5365 6212 507 5806 7416 274 8624 4120 1914 7683 7669 3090 4246 1846 5219 6895 4347 3549 5955 8352 5281 4120 8421 130 8543 1238 7601 4616 1863 6156 3527 3579 8719 386 9384 6135 7011 4359 6606 5276 8393 626 8366 2638 2471 3584 5884 6817 3484 8190 5168 8765 2310 9940 5246 7204 1178 2847 1819 9392 5354 1698 2970 4073 8435 8705 6559
1797 3063 9516 7073 1456 142 1790 445 2612 1725 6329 9429 5208 4518 948 3972 6827 888 5570 382 8417 4768 2201 7808 121 250 7129 4193 5036 5833 7103 6832 8895 6619 3904 350 6760 2045 7147 9371 3769 3475 8799 8977 4344 9747 9300 7523 6986 4869 7904 5402 9636 104 3209 9757 6705 337 301 1740 6169 7404 8572 1415 4022 8827 8117 7133 872 5263 6503 4640 8737 1654 3616 9432 7752 9268 6954 4737 4136 4858 138 3772 1313 9698 3528 8018 6386 180 6109 8906 7583 1032 320 7956 9859 8436 5088 7082
50 1591 8073 5138 9596 8041 4570 7347 7308 1523 2083 1443 6380 8572 1566 4045 4621 1445 2062 1006 1625 4522 9911 5559 5554 230 3515 1764 5018 4954 5197 5067 2896 3269 205 2491 7661 4774 9837 4968 2648 8271 2763 9028 3194 4328 9424 7814 5773 1485 8819 3749 2358 8729 9307 7911 5311 2821 6026 6680 4127 1222 8098 7022 843 4654 9513 8503 5779 5701 9823 8427 3972 2585 3806 7165 3264 3229 1331 9036 1065 149 9136 3422 5230 8443 7685 6892 7615 3710 3571 1741 1284 1668 8763 2126 6322 4627 6980 2100
327 6802 6878 650 5738 683 4167 9002 3911 5497 4389 1327 5645 3525 4749 7226 1967 2433 4117 9581 2494 7687 7674 129 5707 6436 8606 8380 1062 5586 6831 7740 2387 3709 8390 4477 743 2556 3478 1006 8052 7866 2332 48 1390 7080 7274 9708 5864 1390 5641 4710 5429 3314 4838 7487 9749 3444 5866 7162 5381 9048 4901 4119 2756 9642 8595 9851 2197 2072 856 6600 6290 3187 6648 7679 6619 273 3739 8834 8014 9379 9895 3442 2692 4733 928 8792 4528 3145 2305 9908 2193 7205 378 1300 6847 8973 1150 5395
7396 8357 1995 3685 7896 4994 7716 4514 1618 1454 9699 9631 832 9594 3073 9875 678 352 8666 5205 3497 970 1464 2041 4526 8193 3340 7724 7165 842 9471 4561 5550 1465 4597 3445 2810 2312 4310 4427 117 4009 4057 7300 9954 3481 7174 631 3833 2191 2187 3681 3160 2 2073 4038 8194 5412 8113 1711 2605 7583 2623 8155 5399 7219 1599 8208 5883 5909 8986 5999 6269 9395 3299 6222 2875 6824 3204 3059 9015 5390 3091 8526 1743 5163 2563 9936 6927 676 1646 9531 4610 4268 4037 9 7839 5636 4568 3721
7896 3554 6071 516 2948 9369 3089 2174 6193 6292 1585 1559 8033 4675 84 9775 9838 2647 6062 6764 9674 7708 2646 4283 8327 6683 643 2517 8670 5211 6237 2917 8764 8660 9784 8063 8028 2872 236 572 5515 1820 2130 9899 6495 2214 9673 2684 1212 2086 5799 7237 6145 4796 7871 824 7830 8514 3340 6499 3724 9577 5767 2487 8236 5550 6901 2615 4773 7136 9539 6639 5308 8020 6537 1802 6585 2561 837 4148 4647 2987 1384 7143 7782 5607 7966 5612 4120 1306 8462 7843 7234 4229 6681 1821 6130 3581 4435 7255
7068 325 3893 2375 4697 6782 528 1281 9342 1364 5429 340 4350 3164 7483 8484 8770 5448 4095 9241 6753 2556 3435 338 3136 6467 2158 9266 6399 2945 2872 3467 3269 6764 5841 7965 9897 2721 5598 9239 436 7378 5930 1138 541 3412 9621 5663 5212 3715 4903 8316 2622 4690 8654 5758 1156 811 1375 7555 3755 4246 1021 3376 7361 3213 7692 7258 2285 3289 6496 2721 666 8777 3858 7559 2189 9830 9573 3752 9896 827 2067 2517 5516 720 8274 6672 7883 9648 578 1637 3893 7950 1364 1254 7514 9056 8511 9799
8696 1358 8871 5714 134 9080 3272 8674 8909 9196 2425 8804 22 844 1320 5538 7915 5946 8561 5797 5593 5490 3786 5838 3439 5149 3443 952 556 8305 7102 9252 9662 5972 4965 6147 5051 4588 1173 3959 3783 9949 9114 156 792 434 5693 8707 6379 605 855 8323 6094 992 4160 5884 6141 3954 6836 3048 2258 3937 8651 1919 6261 9967 4418 1311 4554 5590 1622 4688 5538 7087 4844 2682 7520 6888 7740 250 3845 8594 4925 9938 9586 5436 5822 2078 9390 9009 1477 1647 9297 128 9918 5557 94 4335 3220 1000
6276 1193 5687 8165 8279 6882 846 2151 122 8585 8752 3966 3531 3676 255 9468 9112 6076 1545 8501 1436 3021 147 733 9500 6416 2641 9594 750 5860 6945 3377 7052 8983 1542 5331 5865 8739 3833 5986 3676 2584 6303 7206 6260 6557 6673 5371 8985 4569 223 420 3941 6721 7504 3441 3137 145 9386 238 6004 6330 9967 9408 5312 1508 1090 7528 6598 4922 9865 273 7505 6167 3830 3764 2724 6854 5486 8060 1422 2060 8479 1715 8781 5983 1507 8269 2479 892 8506 8482 3573 8472 4241 8884 6331 5330 6412 2929
6603 2628 9553 4108 8795 3383 4223 7870 236 6061 5929 8010 8120 759 6076 6900 3093 7582 1520 5571 4825 6378 405 8397 1201 4645 3632 7532 6327 6395 6812 2929 9023 2716 7036 4169 6098 1259 2038 2686 3671 7966 7047 1790 8724 3122 5042 1817 7055 6561 3739 1879 2938 4143 6627 491 8788 6610 4374 5114 9357 1185 8042 8379 252 1430 2547 2702 9040 936 5387 2710 5253 8785 4499 328 8258 5892 8496 5312 2453 2235 3542 1742 6377 6520 2232 1516 3129 6605 2981 2485 4141 7375 7215 745 8804 6113 3446 4195
7048 5184 6904 8652 3968 7754 8980 2225 3646 7475 3888 2450 9709 7429 4191 2438 300 2775 3953 3428 5731 6934 2265 6224 4308 5831 6968 9463 1944 413 3657 5343 5596 6912 3995 9563 4665 9326 8139 4662 3152 2026 7111 9213 5806 7654 1650 6105 6780 1954 5884 2510 5239 8148 5085 5898 331 2052 5360 2274 2464 5368 3968 4411 2279 4314 325 3296 9991 8463 7957 3143 6840 1420 2355 2645 9073 4004 8749 5852 2309 985 4713 7548 9132 9798 3445 5814 1849 5157 4439 665 524 8407 1427 9155 9072 1752 2450 9063
6566 406 2205 9758 1825 911 2402 7249 4914 7503 9452 7222 8487 4165 1121 3970 314 918 9784 8514 6074 4222 9178 6597 8980 6957 2103 4404 5060 4552 3466 7977 1310 2022 7734 9486 2932 6488 6735 4197 3990 6186 7770 8828 6702 5243 9149 7015 6160 5284 5529 2233 5858 1058 5181 4837 8014 7284 9240 9425 1835 9057 7402 9496 7430 5135 8982 6713 1622 5716 909 1963 8253 5031 790 1307 273 6291 8321 6432 1574 201 5016 7431 1259 196 8620 5624 7479 4211 5049 5666 3268 2450 5161 7049 3936 494 3762 5558
2561 1022 7520 814 2404 4662 2120 2676 952 6792 5459 8877 6993 474 6308 4603 670 1279 6578 4500 5489 7978 6517 5108 427 8030 2157 4363 8523 2270 6272 1084 9643 3791 8249 2047 4804 6720 1074 2107 9863 6533 984 3207 7006 3643 7809 4027 4921 739 4879 409 8716 7747 1869 5495 5776 4025 9857 651 2646 2480 8086 2288 2622 2686 4334 7426 5757 5408 9532 5619 8292 515 8826 1649 4157 2986 2028 5429 3724 6906 5838 2440 1004 7706 7934 3132 8082 4142 3782 727 2973 8219 9366 5594 7256 3700 3019 3012
5459 8903 4982 3750 5769 3807 5398 6278 3145 7425 1706 6868 682 7543 5659 1686 1600 9944 4817 6033 437 4950 6759 3409 9520 2477 5355 6775 6176 4725 9786 1634 3627 4767 1735 9396 4926 7132 5673 8070 909 7378 1289 1590 1273 3300 3275 9224 9595 4443 5257 6384 9392 8367 6144 8911 843 1498 2037 7018 6223 8174 5003 6201 9293 3089 5596 570 221 7620 8639 1129 1350 6279 9070 2622 5930 8697 8197 1877 3139 3453 8260 8883 1820 4403 4145 9014 2253 6182 2384 4827 4355 7386 1027 9999 6827 2975 568 7047
